1000
39 93 131 88
137 82 105 64
53 27 127 80
34 163 127 22
185 31 101 30
67 117 181 110
11 120 168 143
154 13 181 36
84 84 137 95
46 102 88 86
26 33 118 3
174 38 178 31
30 185 81 52
121 56 47 22
119 29 87 12
151 48 92 85
93 20 31 31
73 47 133 71
147 49 122 100
56 112 9 5
71 177 60 7
97 27 186 64
158 122 196 162
47 145 14 5
73 5 22 11
180 200 31 30
48 196 123 104
133 41 9 2
173 145 91 87
119 157 84 16
104 158 157 70
146 46 35 8
63 11 78 43
155 183 20 12
59 184 138 1
198 94 177 72
70 27 171 73
7 49 33 29
11 38 186 55
191 162 87 5
22 100 99 64
181 120 170 159
164 170 128 84
37 188 20 5
60 2 96 31
110 143 154 84
70 92 47 40
57 107 75 24
179 142 35 18
67 81 183 144
185 89 166 130
166 163 72 35
98 7 167 137
50 183 77 6
187 46 65 28
108 103 137 63
72 184 160 66
169 9 9 8
154 139 141 89
12 188 169 64
196 104 36 19
171 101 145 110
3 41 10 8
135 89 169 85
58 139 66 42
37 142 108 69
98 125 132 96
35 23 164 89
172 15 68 25
157 150 65 31
191 34 12 5
60 6 193 74
45 91 44 43
129 155 7 7
136 137 12 2
23 63 96 83
182 99 56 11
20 130 31 14
198 5 6 6
82 44 89 48
77 13 17 12
92 119 123 112
189 101 73 23
72 36 84 58
122 51 105 25
192 194 4 3
197 143 128 73
178 143 134 103
143 71 126 54
125 88 85 36
79 174 165 165
139 146 187 164
63 131 76 68
192 168 53 3
176 70 100 24
17 49 68 43
191 104 30 12
74 93 168 10
33 4 194 101
53 155 78 23
19 47 9 6
135 130 93 35
36 30 163 94
55 129 83 54
112 10 178 156
60 129 162 78
32 121 132 87
151 127 170 7
42 63 179 142
16 21 63 30
143 14 82 67
75 64 2 1
95 72 193 106
191 121 42 17
186 66 26 13
122 174 58 46
62 181 106 102
128 154 165 157
181 157 187 147
91 182 85 66
174 170 141 43
50 21 147 105
122 42 78 49
41 59 142 72
6 113 124 70
180 187 92 36
180 159 182 133
74 44 10 4
109 4 143 140
151 39 46 22
185 64 20 19
111 126 5 2
135 7 191 186
138 160 27 18
112 190 41 36
175 166 24 24
192 56 20 2
18 31 24 16
15 62 128 4
130 26 14 10
30 168 54 34
50 184 153 17
43 55 40 27
93 165 130 36
190 120 57 55
97 147 191 122
126 178 86 31
146 166 74 26
177 117 101 24
111 119 151 82
62 75 41 6
196 117 65 29
175 155 182 48
61 46 101 28
66 138 135 39
54 74 83 40
19 73 72 56
12 179 63 24
150 121 73 57
112 174 176 132
89 188 92 16
140 113 41 24
95 73 196 193
93 133 81 61
31 181 117 23
84 96 8 6
127 9 16 5
5 157 189 22
83 110 169 89
122 126 136 29
121 44 76 22
83 74 133 73
70 74 75 1
52 62 104 51
197 76 159 11
103 125 72 1
70 64 93 33
36 123 124 74
152 115 64 42
40 152 189 86
28 134 90 32
79 95 91 56
139 3 117 67
7 184 107 103
99 65 161 94
68 171 135 20
55 16 24 21
134 54 11 9
69 186 148 133
125 32 48 44
76 105 119 72
91 29 22 11
92 124 104 17
138 51 122 101
93 121 53 37
144 162 2 1
128 61 187 58
193 122 74 74
184 15 52 48
98 147 71 69
39 105 49 15
126 92 11 9
38 118 123 86
84 61 91 87
66 172 152 118
96 50 141 40
84 143 33 4
146 199 6 3
6 46 177 108
45 191 188 63
54 11 108 67
190 139 69 48
101 187 156 108
42 11 131 69
44 91 148 120
178 186 186 36
162 99 69 43
149 159 173 42
199 81 46 31
102 189 102 84
80 27 54 19
4 147 31 2
28 183 104 13
139 192 157 155
145 185 68 16
99 154 69 32
6 96 74 65
33 76 10 6
184 152 101 43
184 96 83 1
147 170 152 134
2 149 159 25
105 21 107 26
188 113 48 21
103 151 189 126
94 15 135 8
11 124 32 3
136 110 98 94
163 81 127 15
73 102 150 90
145 65 142 7
53 133 82 41
199 68 70 70
68 169 78 11
139 195 184 176
56 158 113 60
111 38 50 7
53 126 198 181
99 124 59 41
100 10 41 39
24 176 138 65
7 68 150 33
131 154 125 16
68 158 167 88
141 28 49 36
6 63 166 152
105 193 122 34
185 12 59 58
67 143 90 31
108 19 86 30
90 28 5 2
18 43 31 27
135 68 25 14
90 123 10 1
83 152 144 13
70 199 62 3
100 194 78 45
193 190 82 22
146 134 125 25
155 136 118 33
119 167 143 48
72 155 188 60
111 41 188 2
122 131 198 146
122 52 113 91
113 136 86 77
173 149 46 33
7 43 20 15
158 61 182 170
43 126 143 8
193 178 147 17
50 68 35 19
120 26 61 40
39 87 82 65
180 38 93 5
114 94 90 66
125 5 157 18
121 124 184 9
155 166 127 95
178 120 160 17
138 101 129 66
101 156 55 40
8 167 50 37
10 165 103 23
145 59 63 29
129 180 147 118
135 22 8 7
92 23 5 5
9 3 184 114
164 42 26 22
181 55 163 154
152 79 87 58
48 178 166 60
32 47 183 99
95 116 180 6
70 45 166 15
80 4 116 110
166 200 84 15
5 108 81 43
23 129 180 5
113 13 3 1
81 162 127 105
64 14 136 85
63 117 161 92
1 64 34 14
12 188 200 160
138 76 147 59
81 34 145 3
120 194 180 93
16 93 116 28
167 141 153 116
187 124 99 43
8 127 90 34
96 137 115 111
54 111 14 9
32 89 34 13
183 132 96 5
85 172 82 36
198 98 139 111
63 110 162 55
108 26 21 6
84 173 54 5
6 79 59 43
54 67 36 13
121 182 106 74
100 94 77 1
32 175 171 59
147 43 84 60
43 111 116 50
169 16 123 107
100 163 166 33
79 87 12 5
44 25 181 169
41 183 198 96
97 171 198 189
12 27 171 150
87 119 60 54
83 82 186 78
104 160 200 36
16 141 110 69
5 193 159 104
106 156 127 34
142 72 57 20
107 126 9 2
163 69 98 76
127 69 24 10
16 88 70 29
33 94 71 11
141 13 103 54
31 79 138 128
66 33 117 49
188 9 184 153
67 82 35 29
26 173 149 73
174 84 1 1
117 108 193 67
66 16 9 7
52 87 77 2
38 48 19 4
53 105 55 49
92 163 54 32
185 70 24 21
16 184 122 30
71 66 134 108
107 158 15 9
80 74 82 71
168 187 12 9
73 160 47 12
106 66 61 61
80 192 80 38
179 86 42 31
37 174 22 3
63 192 171 161
19 156 142 61
169 22 2 1
50 198 28 19
124 50 31 11
10 81 25 9
72 180 79 8
121 126 183 95
120 160 126 74
138 77 9 5
70 40 170 158
56 24 31 14
163 183 75 48
182 22 166 27
138 109 49 14
76 153 174 14
136 54 73 25
62 121 118 88
110 2 118 10
53 21 95 53
93 163 124 67
177 136 96 94
32 20 156 26
23 17 175 110
6 4 113 53
68 169 126 69
159 189 140 80
75 178 55 1
163 108 148 131
106 184 187 125
145 155 46 40
196 178 72 68
29 190 38 23
59 68 170 80
161 191 35 16
110 121 146 80
181 179 155 30
97 169 134 27
121 187 198 172
10 124 155 122
96 83 22 21
171 195 153 112
124 99 115 22
128 67 139 5
63 59 96 14
193 179 160 102
166 152 55 18
165 104 178 59
186 40 53 43
106 17 123 37
38 77 21 18
55 133 194 58
168 179 112 60
21 28 94 5
195 11 55 20
50 154 60 2
175 156 44 31
133 110 78 14
126 8 13 1
89 83 31 26
61 177 109 77
118 2 126 91
109 34 70 14
11 32 88 2
190 122 17 15
105 155 32 7
119 69 118 104
74 63 193 61
71 49 33 10
193 160 104 12
89 95 67 41
46 3 180 44
107 58 31 25
20 41 152 61
35 102 62 27
200 192 20 6
88 197 80 74
74 75 193 171
154 97 186 85
5 196 124 34
10 34 130 109
61 104 61 47
156 175 39 1
138 193 125 48
20 121 85 49
76 123 81 34
160 197 57 36
66 198 40 29
72 136 33 32
109 139 149 79
123 88 46 46
8 30 15 6
170 82 199 51
100 171 136 100
114 90 98 69
116 191 192 156
1 85 150 49
170 165 134 30
10 66 162 119
126 39 23 1
70 66 49 17
139 85 43 40
144 54 94 52
180 12 190 160
40 161 107 66
68 139 184 113
121 66 65 65
31 82 103 19
130 10 58 13
145 29 61 26
175 79 32 23
142 16 67 38
122 61 157 85
127 152 78 67
95 111 113 91
47 86 121 19
134 125 182 26
179 26 63 7
87 89 88 86
118 109 126 7
192 11 7 4
41 147 20 18
109 34 138 116
123 34 58 39
41 136 200 177
139 81 97 58
142 34 193 2
82 194 151 86
187 27 196 108
80 107 197 23
199 114 73 1
24 65 144 121
128 147 36 34
155 131 82 20
118 126 98 84
96 26 79 69
60 75 65 63
191 124 150 38
35 78 169 146
55 142 73 13
143 43 14 14
111 182 11 1
64 7 156 99
188 60 88 76
90 130 20 20
55 154 184 163
91 99 192 10
103 101 27 13
41 126 8 1
190 33 98 58
66 157 109 32
194 38 145 22
74 132 197 1
15 22 77 20
131 107 7 7
131 166 76 62
74 179 175 103
91 197 193 18
168 123 134 54
67 9 68 49
163 2 60 7
90 4 15 5
30 68 136 96
58 191 40 18
39 31 162 45
129 117 87 19
154 47 171 54
93 72 193 40
102 92 134 110
143 116 148 109
162 16 64 61
140 115 183 174
155 121 28 6
75 121 174 52
58 73 110 67
199 76 10 9
132 153 148 40
93 67 150 45
31 65 141 63
22 60 21 10
32 194 99 59
113 107 68 31
145 4 38 19
143 126 81 7
49 67 132 56
164 181 34 10
4 78 107 100
94 72 106 93
167 29 56 9
182 186 30 2
22 130 79 17
166 40 32 24
113 149 48 26
32 182 56 40
80 139 50 36
180 45 139 71
78 187 172 12
18 32 149 114
113 34 41 5
72 171 146 20
129 111 143 14
3 176 19 11
26 35 53 14
15 70 26 1
22 91 136 71
88 103 48 34
17 82 36 14
147 134 26 15
22 8 192 2
122 57 7 3
82 182 140 5
114 55 158 4
57 110 130 4
57 24 147 146
56 13 129 124
76 5 144 117
175 113 131 62
118 106 74 74
31 157 58 49
22 68 22 2
64 148 146 12
68 52 172 132
74 98 18 7
18 29 28 21
103 82 105 13
162 41 101 78
189 96 124 35
10 121 104 96
75 15 103 62
155 33 50 50
96 156 8 7
43 20 15 11
170 31 184 173
94 195 114 50
44 160 26 15
7 200 59 36
159 121 178 121
177 13 80 9
114 74 12 8
35 17 198 163
42 167 116 18
23 158 152 124
199 142 141 60
62 2 119 68
129 26 193 68
14 111 93 66
138 161 2 1
120 43 101 16
11 149 21 16
27 54 18 2
33 34 114 101
110 24 174 6
37 53 70 25
73 34 102 6
5 51 9 8
29 38 183 1
24 61 71 22
174 151 13 5
35 45 144 135
146 33 142 139
48 192 148 102
116 156 13 3
184 15 30 18
3 132 40 5
10 158 185 96
81 5 43 42
166 55 153 106
127 130 91 76
35 8 133 122
21 15 9 8
45 50 33 14
66 81 166 148
72 1 146 83
103 165 164 113
14 193 48 44
68 35 134 75
197 28 123 47
128 194 160 87
184 166 178 115
116 61 55 36
31 96 45 2
100 22 79 43
186 8 65 10
69 105 120 50
32 152 88 51
199 103 163 127
18 200 197 159
13 77 113 80
86 73 128 96
102 51 84 33
116 123 23 4
176 96 135 1
175 176 136 54
192 10 35 8
183 119 148 54
66 149 12 2
18 195 9 6
14 139 74 56
186 74 127 90
120 137 68 4
6 71 92 36
93 170 1 1
197 2 38 8
79 155 160 85
171 51 139 50
148 23 21 11
115 170 76 22
114 149 1 1
49 164 94 44
27 87 184 129
150 4 114 98
39 101 100 89
163 132 20 3
135 136 144 12
1 1 148 17
142 106 116 21
184 178 98 44
155 105 124 76
160 58 8 4
198 122 152 53
5 72 156 38
132 164 107 91
157 62 194 182
21 165 156 58
146 172 177 101
163 11 62 59
142 46 95 25
191 193 91 54
23 187 128 83
89 102 158 51
43 191 88 19
91 200 166 123
105 38 108 74
37 66 182 138
106 75 156 93
123 16 89 55
126 122 136 58
38 93 181 61
79 49 146 93
22 100 64 31
171 44 83 62
110 118 159 29
25 71 23 3
102 126 59 17
8 113 2 2
192 181 78 52
105 194 70 11
122 193 116 17
68 15 34 16
144 61 36 6
60 159 119 12
81 145 177 28
189 84 152 78
133 63 177 54
162 39 193 15
41 137 50 35
155 152 169 77
59 46 174 121
170 165 50 19
146 5 186 98
27 173 147 73
50 74 142 82
144 103 69 2
107 184 150 107
188 196 85 53
98 193 162 88
2 77 166 163
55 169 152 148
29 80 175 98
179 60 93 8
12 113 128 52
167 147 74 60
113 3 89 52
102 86 53 5
63 69 160 28
127 17 71 37
85 42 9 3
192 45 176 101
150 134 108 24
108 12 153 55
21 103 95 64
161 15 132 97
186 135 5 4
105 117 71 62
92 46 178 160
107 10 2 1
163 41 17 14
35 36 69 27
120 172 153 33
115 47 178 176
109 161 65 56
128 69 63 26
113 154 60 56
99 112 115 77
165 182 106 12
37 15 52 2
148 116 19 2
124 12 1 1
75 128 48 12
90 114 139 88
107 198 50 9
167 102 20 14
104 73 95 67
133 169 151 53
198 116 122 64
151 24 147 95
120 154 158 23
172 15 161 79
30 191 112 54
123 183 167 156
83 120 173 152
179 30 103 39
191 121 12 11
101 199 131 102
17 171 44 36
118 166 134 25
85 161 17 5
157 164 189 42
156 124 25 16
22 50 6 1
153 178 67 38
169 126 183 93
169 1 38 35
184 41 171 99
12 181 198 1
69 32 137 90
125 69 115 77
144 139 91 78
198 166 176 29
124 14 185 105
174 82 195 95
153 146 24 1
168 31 10 10
142 51 7 1
17 142 196 93
43 1 115 35
192 187 23 7
46 11 56 27
102 119 30 29
147 191 127 7
164 88 122 15
63 36 189 99
181 196 191 172
32 124 82 57
197 7 96 12
173 177 182 25
191 79 189 48
196 68 147 67
162 9 112 57
114 124 36 9
159 135 163 2
48 47 56 49
179 26 47 14
107 169 21 11
196 130 157 112
99 14 42 3
138 187 188 167
181 169 175 157
147 34 98 53
11 70 6 3
19 125 72 43
187 171 33 33
154 18 176 57
39 190 22 11
28 96 113 2
200 139 38 28
197 123 68 41
23 29 120 78
43 190 17 4
95 168 80 63
106 29 99 94
13 37 7 2
124 126 192 72
106 131 100 43
77 116 118 18
108 196 133 28
174 119 140 59
98 25 79 41
99 15 53 39
122 183 93 11
79 115 68 2
63 121 187 54
136 181 169 63
100 171 48 39
118 120 111 14
106 83 117 53
163 198 13 2
110 70 156 79
49 39 14 7
117 40 52 28
32 100 131 126
76 110 125 120
8 85 87 79
118 96 3 2
104 144 190 116
52 131 73 54
80 95 82 17
165 64 104 23
181 193 139 93
57 131 11 7
160 121 119 35
91 139 181 53
196 103 77 17
124 87 115 101
63 36 96 8
121 41 102 37
92 130 176 54
62 84 154 54
28 62 179 32
27 108 51 44
61 60 127 101
90 8 141 52
20 44 135 125
130 149 85 61
72 62 123 87
64 125 159 13
135 199 128 95
14 34 60 59
31 52 66 20
90 5 87 63
66 185 155 84
22 160 98 8
53 131 99 31
115 21 182 91
129 10 183 118
169 45 64 36
130 82 200 18
102 194 34 24
132 104 107 104
83 117 21 9
60 73 147 114
21 178 31 20
140 157 60 9
82 107 145 108
133 58 149 136
151 122 74 21
87 80 145 1
80 114 36 11
188 21 43 7
175 52 194 190
53 147 119 34
78 74 93 60
175 87 80 22
94 111 10 3
176 116 174 144
11 177 196 129
141 185 161 158
43 7 94 57
65 108 89 45
11 57 153 67
171 44 62 19
81 48 186 108
184 115 68 18
5 81 31 1
80 171 108 4
131 73 98 49
103 113 84 28
84 196 54 23
41 170 55 28
173 168 195 179
121 11 52 12
94 107 198 176
75 190 36 24
179 19 134 49
46 192 110 25
104 67 193 105
122 157 63 15
191 179 48 10
43 131 194 47
52 49 92 44
49 22 2 1
115 138 146 17
166 49 156 86
55 18 56 48
146 75 177 52
164 180 33 23
184 133 153 22
20 49 71 23
120 74 174 157
110 47 35 9
132 166 135 13
179 98 176 129
164 9 79 68
80 153 11 4
186 97 166 73
107 121 126 77
3 56 141 3
124 6 160 72
195 113 164 13
132 139 158 33
150 76 187 90
95 86 70 51
36 73 15 2
197 99 167 65
45 79 71 59
39 34 98 16
97 139 167 82
21 117 139 57
198 49 92 83
148 65 184 127
25 11 157 127
47 75 11 2
193 180 42 16
70 148 135 30
179 25 16 1
200 1 195 75
13 139 64 63
33 13 13 5
24 197 173 124
58 84 184 26
4 102 194 41
141 8 19 4
50 27 95 93
40 125 106 27
178 37 105 91
166 163 53 48
135 72 92 7
138 32 144 57
