732 87
82 23
1019 80
0 0
155 8
5691 110
1119 143
739 36
84 84
46 46
663 3
266 26
30 51
0 0
0 0
48 48
0 31
1190 71
196 98
0 0
0 0
1009 64
402 160
0 0
20 10
0 0
192 96
0 0
0 0
0 0
104 53
0 0
497 43
0 0
0 0
0 0
70 70
56 28
38 38
0 0
66 55
120 120
0 0
0 0
60 30
110 44
0 0
57 18
0 0
525 144
89 89
0 0
63 132
0 0
46 19
103 34
216 16
0 0
139 2
204 61
0 0
101 101
3 7
89 80
58 8
37 37
98 34
35 35
75 23
0 0
0 0
60 60
0 0
0 7
0 0
1147 83
0 0
20 11
0 6
44 45
13 4
303 96
0 0
36 48
153 3
0 0
0 0
0 0
0 0
0 0
0 165
1195 160
63 63
0 0
0 0
485 43
0 0
5329 10
33 33
0 0
0 0
0 0
36 36
55 28
292 156
558 78
249 75
0 0
42 137
239 30
112 56
0 0
4377 106
0 0
0 0
0 0
62 62
154 154
157 30
0 0
0 0
63 105
42 42
2172 72
102 70
0 0
159 23
0 0
330 140
39 7
0 0
0 0
410 186
0 0
0 0
0 24
0 0
18 6
349 4
0 0
30 30
250 3
0 0
0 0
0 0
97 97
0 0
0 0
0 0
111 40
0 0
0 0
155 27
229 25
198 3
54 29
19 53
48 24
0 0
398 114
89 3
0 0
8544 193
0 0
0 0
0 0
0 0
422 22
828 88
122 14
0 0
74 59
74 1
778 50
228 7
0 0
64 29
267 73
0 0
704 85
28 28
79 12
99 66
7 100
458 93
0 0
16 16
0 0
69 79
32 32
76 43
0 0
92 12
51 71
0 0
0 0
3653 58
0 74
90 45
0 0
39 10
0 0
38 85
84 84
66 86
2824 40
0 0
0 0
46 46
225 53
404 67
0 0
101 101
42 42
5488 120
178 8
0 0
149 24
0 0
0 0
0 0
0 0
0 0
139 139
0 0
0 0
18 62
0 0
0 0
0 0
147 5
266 25
147 23
0 0
103 103
533 8
0 0
0 0
0 0
788 88
0 0
53 29
0 70
68 10
139 139
56 57
0 0
8711 181
0 0
10 31
96 48
131 33
0 0
294 77
28 28
159 151
105 17
96 48
67 23
95 29
0 0
18 18
0 0
0 0
0 0
0 0
0 0
0 0
0 0
0 0
119 24
216 44
2222 2
2250 144
52 61
0 0
0 0
28 14
158 158
983 8
0 0
0 0
26 35
39 43
0 0
0 0
30 15
977 9
0 0
0 0
101 28
0 0
24 34
150 23
59 4
129 18
0 0
0 5
9 9
0 0
220 110
79 8
48 48
47 47
1097 1
575 15
12 108
0 0
75 41
741 5
0 0
81 81
472 84
1233 90
28 14
632 160
138 9
1137 3
120 60
1172 28
141 12
0 0
104 34
96 96
0 0
32 2
0 0
0 0
98 98
110 52
0 0
0 0
84 42
0 0
0 0
0 0
224 43
43 43
197 48
16 107
163 3
0 0
276 169
164 82
536 175
111 150
0 0
991 78
0 0
128 64
105 104
106 21
0 0
0 0
69 69
0 0
80 22
99 5
104 52
3328 128
33 33
306 153
0 0
130 71
0 1
459 67
0 0
0 0
0 0
53 2
0 0
0 0
176 26
1730 108
0 0
74 8
0 0
0 0
0 61
0 0
0 0
0 0
252 126
114 57
0 0
0 0
0 0
30 5
72 7
121 62
120 6
0 0
380 150
24 7
0 0
22 22
0 0
3359 14
54 19
62 62
20 10
53 53
93 31
0 0
124 24
23 23
6 6
68 68
0 0
0 0
108 108
396 109
0 0
0 0
29 9
1882 80
0 0
110 36
0 0
0 0
429 132
862 122
0 0
0 0
99 16
201 5
988 13
0 0
0 0
165 13
40 40
1427 37
0 0
7399 58
0 0
0 0
11 11
0 0
0 0
0 0
0 0
0 0
61 61
70 90
102 2
162 2
0 0
0 0
69 69
2458 61
0 0
0 0
0 0
185 44
0 0
41 41
35 27
0 0
0 0
4906 171
251 57
175 34
238 108
0 0
0 0
0 0
60 45
76 5
0 0
0 0
0 0
109 40
0 46
0 0
246 35
100 100
90 8
423 117
98 49
0 0
276 118
0 0
0 0
0 0
54 40
216 156
40 40
275 113
0 65
565 12
10 10
87 3
0 0
48 35
61 61
0 0
95 18
415 19
1313 21
0 0
87 1
0 0
0 0
0 0
567 116
34 34
5735 177
81 16
2518 2
82 82
216 108
3447 23
0 0
1319 121
0 0
0 0
0 0
26 53
60 60
124 26
3698 146
0 0
0 14
0 0
78 99
60 60
0 20
946 162
273 10
0 0
0 0
33 33
0 0
0 0
1506 1
275 20
0 7
0 0
74 101
273 11
123 11
94 49
12 6
4 4
940 96
0 0
39 39
0 0
684 51
1071 40
858 104
116 32
16 48
718 165
0 0
196 46
567 65
0 0
132 16
1626 45
1100 63
0 0
96 35
0 0
36 18
0 0
2653 56
0 0
12 99
238 84
0 0
0 0
110 13
0 0
0 0
32 32
0 0
135 49
0 0
54 113
0 0
216 2
129 14
15 10
165 10
0 0
1781 71
0 0
51 2
0 0
46 2
0 0
0 0
279 4
224 4
507 144
341 124
402 117
113 18
0 74
31 31
0 0
0 0
856 132
0 0
18 18
103 2
41 60
96 28
10 94
90 60
0 50
0 0
0 0
170 170
94 20
0 0
70 35
121 121
143 2
0 0
35 163
0 0
230 115
0 0
82 67
1685 68
42 65
0 0
129 15
11 11
0 0
1300 101
886 6
53 17
175 5
5 5
1451 1
133 13
0 0
115 134
264 132
48 100
0 0
15 15
69 4
746 96
80 40
55 98
0 0
83 122
0 0
0 0
2394 148
90 83
103 103
84 42
2531 75
140 39
128 32
166 12
0 0
0 0
66 35
104 9
174 36
32 32
103 103
288 144
1320 80
696 89
51 33
0 0
0 0
0 0
50 5
119 29
0 0
0 0
112 56
74 74
0 0
72 36
0 1
16 8
313 84
153 37
0 0
0 0
0 1
0 0
1131 127
28 98
156 78
0 0
135 9
1 1
106 10
0 0
105 19
0 0
122 30
292 38
0 0
500 165
189 51
146 31
110 55
138 3
0 0
69 82
395 43
129 2
91 91
38 70
2486 138
812 88
96 48
122 14
4251 61
5345 93
22 22
44 44
810 25
0 0
0 0
0 2
0 0
0 0
0 0
15 15
0 0
0 0
307 17
84 68
189 51
1602 13
41 9
152 17
591 121
0 0
1047 98
135 66
2290 82
0 0
107 107
0 0
98 64
225 163
220 110
2765 98
0 0
1460 52
0 0
102 51
0 0
132 28
51 37
0 0
180 90
0 0
96 48
126 63
180 90
0 0
0 0
46 132
0 0
0 0
678 27
120 33
6206 176
0 0
0 0
0 0
99 16
0 0
409 2
0 0
0 1
0 0
90 49
0 0
0 0
73 22
133 18
116 6
120 75
154 4
150 75
90 52
123 123
286 136
30 30
0 0
101 101
68 34
118 16
0 0
157 32
0 0
0 0
0 0
126 57
5 35
123 89
529 1
527 90
69 69
0 0
166 10
584 105
840 93
0 0
0 10
0 0
1072 93
58 35
0 0
323 27
0 0
0 0
0 0
225 99
181 10
32 50
161 12
173 9
237 31
204 11
108 54
0 0
0 0
247 49
0 0
0 0
130 27
0 0
463 139
169 6
34 34
0 0
76 38
0 33
794 56
0 0
196 1
0 0
0 0
538 78
0 0
0 0
174 87
0 0
124 68
0 0
116 2
108 25
119 21
75 29
15 38
0 0
0 0
5285 54
136 33
0 0
0 0
83 34
0 0
500 76
0 0
40 12
647 124
110 110
8 79
0 0
704 110
52 52
80 2
0 0
0 0
0 0
0 0
230 48
0 0
87 87
225 6
123 20
130 46
1482 54
808 32
27 27
4706 101
428 52
276 123
0 0
784 83
2478 13
0 0
206 58
52 14
45 62
66 66
0 0
0 0
2212 91
528 118
45 19
1456 16
0 0
104 104
0 0
4533 114
21 10
0 0
107 107
133 133
0 0
0 0
0 0
63 1
175 175
159 13
74 19
0 0
0 0
116 116
397 129
141 141
184 57
65 24
57 57
44 18
594 108
0 0
55 1
0 0
73 25
0 0
0 0
41 14
882 178
11 11
6442 176
0 0
171 39
138 18
1696 105
0 0
0 0
649 47
49 43
0 0
138 8
147 58
18 38
146 31
0 0
133 20
963 23
684 156
0 0
132 3
98 98
126 63
0 0
97 69
107 19
3 3
144 72
0 0
132 26
3330 90
0 0
0 0
0 0
45 45
1104 16
97 70
918 57
49 49
65 119
124 127
0 0
0 0
0 0
0 0
150 75
104 52
0 0
240 120
142 26
80 40
24 3
1946 93
120 26
148 74
0 0
0 0
160 48
