1
0000000046 1 Person1 60 74 65 71
0000000066 2 Person4 21 99 30 100
0000000097 4 Person3 31 79 46 71
0000000087 3 Person5 13 96 21 75
0000000081 1 Person7 15 65 74 41
0000000076 1 Person10 31 67 88 47
0000000075 4 Person2 23 89 65 56
0000000010 1 Person3 92 37 72 85
0
5
3
2
Person7
Person9
0
2
0000000029
0000000091
0
1
0000000085 1 Person3 96 15 59 70
0000000055 3 Person5 66 95 46 29
0000000096 1 Person2 9 56 48 5
0000000001 4 Person9 75 91 38 53
0000000045 3 Person2 84 14 70 40
0000000018 4 Person1 67 65 43 8
0000000030 3 Person3 74 22 29 100
0000000099 3 Person5 53 36 74 42
0000000030 3 Person5 38 29 65 65
0
1
0000000051 3 Person7 89 49 98 65
0000000052 4 Person4 40 67 42 22
0000000094 4 Person8 41 39 68 69
0000000067 4 Person1 60 65 88 24
0000000073 2 Person2 3 47 80 86
0000000069 4 Person8 55 91 49 38
0000000045 1 Person1 36 40 87 93
0
4
4
5
4
2
0000000074
Person9
0
1
0000000028 1 Person4 28 24 57 95
0000000008 1 Person7 6 38 26 58
0000000009 1 Person4 92 40 83 61
0000000033 3 Person7 50 95 83 79
0000000054 3 Person1 8 63 27 43
0000000095 3 Person1 59 96 78 25
0
3
0000000018
Person1
0000000046
0
1
0000000025 1 Person6 1 13 37 35
0000000034 4 Person4 69 6 6 80
0000000022 4 Person6 35 62 51 26
0000000063 3 Person7 71 54 89 64
0000000092 1 Person8 45 64 54 56
0
1
0000000034 4 Person7 17 58 2 4
0000000011 3 Person7 65 15 30 15
0000000027 2 Person9 87 75 36 44
0000000016 3 Person5 13 60 23 92
0000000016 2 Person1 63 33 45 54
0000000008 2 Person4 78 45 45 2
0
3
Person7
0
3
Person7
0000000011
Person10
Person3
Person3
0
4
4
3
Person8
Person1
0000000028
0
2
Person8
Person3
Person5
0000000095
Person2
0
4
3
Person1
Person7
0000000049
0000000069
0
1
0000000020 2 Person3 66 30 71 6
0000000043 2 Person2 11 15 71 57
0000000003 4 Person3 34 86 22 43
0000000052 3 Person3 27 80 3 75
0000000073 4 Person10 10 81 99 76
0000000083 4 Person9 16 6 60 29
0000000089 4 Person3 59 18 60 23
0
5
3
3
Person3
0000000044
0000000018
0
5
4
5
0
4
2
Person1
Person5
Person8
Person10
Person4
0
4
2
0000000067
0000000007
0
2
0000000050
0000000061
Person3
0000000024
0000000024
0
1
0000000086 1 Person3 69 32 1 88
0000000030 2 Person9 52 96 25 6
0000000076 4 Person1 40 99 19 17
0000000025 2 Person4 19 7 32 43
0000000097 4 Person6 1 59 78 98
0000000025 1 Person4 3 72 31 13
0000000012 1 Person5 89 69 19 95
0
4
4
3
0000000039
Person1
Person9
0000000018
0
2
0000000004
Person2
0
5
1
3
Person4
Person4
Person10
0
3
Person3
0000000001
Person6
Person9
0
3
Person1
Person2
Person5
0
3
Person6
Person4
0000000045
Person3
0
4
4
1
0000000001 3 Person6 48 96 14 42
0000000032 4 Person6 83 94 31 88
0000000017 3 Person1 58 37 7 98
0000000064 3 Person6 79 87 97 23
0000000010 3 Person4 58 61 100 94
0
3
Person5
0000000098
0
5
0
4
3
Person1
0000000056
Person3
0
2
0000000027
0
0
