20 20
10
IC 5 13 2 5 3 17
IR 4 9 13 15 14
EX 5 1 17 8
IR 1 18
IR 5 19 20 4 7 23
DC 2 1 16
DR 2 17 22
DC 5 20 15 4 17 6
IR 4 1 5 4 16
EX 21 16 15 13
100
3 14
7 4
9 9
15 15
12 11
13 13
17 2
10 11
12 7
14 2
14 16
11 16
5 11
12 16
4 20
12 20
2 10
19 8
1 8
16 6
6 10
15 16
2 14
4 2
8 10
16 17
9 2
13 14
4 10
16 11
9 10
6 19
6 16
4 7
10 12
3 20
15 9
17 11
14 20
16 11
19 4
12 2
16 15
13 13
13 10
7 9
8 4
2 12
14 5
9 17
8 14
9 6
3 7
13 12
15 7
10 5
15 12
6 14
1 2
18 5
9 6
7 19
2 6
1 5
17 9
20 12
15 17
8 1
4 6
15 12
15 2
9 8
15 20
17 1
14 9
4 5
19 12
16 4
11 16
9 12
12 2
14 10
4 15
16 6
5 6
2 2
7 18
17 11
1 14
12 14
14 7
10 15
16 15
18 12
6 14
17 15
6 4
2 4
12 10
20 9
0 0
