97764925
75210420
70616588
70274610
87875875
12268448
27404916
71101969
60461807
19218445
9486150
83267415
95763108
14576001
30177841
21199809
23640836
49200410
65002757
29701680
37762200
83292677
40997308
34146712
83702011
36744359
70983868
61328364
79424505
16449180
99453165
1947558
22513830
34474186
50478383
31440860
10328276
65852969
51265666
38052173
35062961
66475433
52740681
56732560
82841335
74829099
83657250
5846492
13676266
57190074
74645513
74415925
75464796
16016806
41278935
74137045
74277519
53989099
48745599
15356967
27505968
60360364
96965356
50493445
33826621
84273493
47445802
61159857
55813079
45562053
22927151
12206975
28097376
2031139
31413903
4971692
14302632
99168075
16988267
98334338
60470178
73523123
73004613
43600109
70323519
50437582
66560239
25323933
21337521
39614879
89355706
44261832
99004549
23775063
47642913
78493858
57561001
73938121
25209455
49758442
33245624
19363058
35851103
21374494
23631504
45323860
45063486
39191636
95564388
75078634
76257486
38739125
2528643
49765298
17581480
21648706
93785675
98825255
20316693
16724780
40736192
41153234
92561719
62843712
7935182
91916676
23374273
97910210
50432926
11575390
32812373
38515545
33060215
58152803
31061162
99768872
13254735
85352477
34023746
9789662
75034473
20224704
41613932
65537282
38078438
47307729
8049348
90050729
91847510
45414106
27050631
49102851
14695965
84253145
61864443
39453406
31284513
92169835
72059919
35812023
39899624
59666042
33384469
54005506
34378042
38132706
22429224
43911478
97348186
41971537
5103554
88611386
97489967
46796045
59062486
20904476
49116842
51524811
50059408
25441571
50855996
26756639
40840049
35323181
64733716
50846475
75544985
23246204
46794634
80007123
17550602
85080182
29269982
43238108
25231961
51153214
55535499
13348326
27260052
18724718
91462235
6998031
6362334
938439
67730335
88653591
51882195
41233491
25820276
14564759
25215105
89706659
16412925
61760908
50581599
7944646
21606370
23680495
4073895
95262138
66151673
32086418
83279934
12133491
74685333
70583809
79920947
70361017
54133876
30631751
75122144
52328762
75628371
62088375
25392715
52696822
37577905
71051560
96236497
22626530
99781147
98192648
1857212
62757098
84324679
11462783
31102598
53397990
16375044
71014126
60250541
1754557
85714125
53406746
38582566
48637206
25294018
13762525
82185263
54302576
79759707
81923592
39772076
59563730
29342742
56978784
26439816
13977316
90250166
33070729
90939530
27689248
1282171
11843186
45250333
73684816
27400783
65133780
4891885
17721572
48978090
72445640
60816663
53915367
27861350
11746978
4199848
99245034
90687097
14333899
26124270
97281464
77229278
34114262
56286260
59293986
10988268
88665871
43125238
35539494
79279605
41643543
4740248
24328397
89660014
64877618
89072500
20560879
78145667
51405075
7878794
6083291
8232320
96631797
33506269
29668718
72529410
81685191
91997729
82954740
81043828
80465009
67102
55046569
68355934
59753843
77667550
36376413
23681694
82376680
60342858
79254782
35397539
60631960
82119007
1089642
77206845
24417998
4353910
56073964
73608692
53159169
97143005
96617545
89615036
58271552
16531705
5678656
71403322
10767830
82046806
45825126
82141307
48542138
74223418
57791471
69818027
9047819
57278560
86401398
50277940
72473650
42125454
43331594
84059878
25660968
32667560
30578740
35656049
98489362
51892589
89484687
9499666
35106272
32152624
27624428
50286114
95208986
88417912
33125525
2107085
54367562
93973177
91226851
88987358
10092036
63375903
25960706
64609632
73000258
40832022
65044578
93864620
61805456
84801566
4570498
92863414
97555635
97130504
2378752
97319157
26038615
39735980
28242372
77471938
72912550
59124094
22309928
49271784
471386
26661819
33236063
56079307
48933712
4768063
45336798
39518190
95931707
35731531
23017704
72581131
58944716
50243797
55574806
44847746
55662025
97294219
33465093
35646998
45993985
98444597
48396438
92984976
3521374
96674085
8130766
89157339
50196197
50393022
31776857
17575562
95317321
28426848
29684329
60793666
9572959
37610705
52977949
27095299
21612870
14806966
86602008
32438646
75271042
21591869
26821614
56352225
34923091
5494125
58886306
5679854
82591270
96452747
88002810
41651758
11723066
34596375
41190096
59327520
58463953
49424088
56411006
56284384
28076784
14316690
66776108
21726876
72669763
64662809
67841021
7641451
11814665
59850594
22879368
12606605
90908568
67522613
10048171
85938851
22434224
50125074
36097042
32857504
11210059
41497054
98629091
79240622
72387349
43587458
2884189
53829153
69783960
41194535
20051736
14455200
30501198
37127572
49354375
29843735
88530132
10169327
6119659
46659223
88455854
58462461
95747741
3082657
38203260
77547112
71885500
39976862
68643139
81778245
65251937
7769032
74281011
86805801
486015
10635944
56651586
99801549
58559200
31363898
91323026
57341929
51667752
7614634
8329197
2540009
66929046
35067907
59344884
58450730
4631604
73036235
70940079
81684252
64562381
42434334
98447618
40593502
45884720
32477768
57286369
75622495
99884728
25927282
12197963
92605369
29561444
10595440
3822809
8258914
42725407
25856460
33357517
22727536
73339150
54779931
763979
40569902
14036591
57553393
28948997
76035128
69344457
24519442
69703537
72275762
3325228
29128502
49191939
39419146
16442429
29665325
43181236
15741657
54752981
3485499
39474246
58890740
6667660
73400411
50618079
55975640
40881635
60340713
40643918
76880924
61549830
28603316
68445595
74925400
11482910
38053196
58339597
92349704
67702135
41074191
82077630
76933898
4083580
92564020
25051084
21650418
54161759
15885303
93211044
19990414
9383913
20938902
95075906
23835726
71600315
57725430
3594390
74206321
76204902
40446255
63245543
43204034
3450551
74559242
80010355
74957242
47474164
77362887
24831452
31057895
20040852
31084152
84927777
40878984
6087469
74472929
2095668
50133694
1579719
61067508
42428238
4162802
82651341
44860553
12557702
94080030
76626162
40478403
69047279
25878832
12622499
13106510
8914398
95445317
5759454
30717705
69426386
55361308
84144017
37414640
39340720
77887625
47574896
75408153
76028449
69830411
45047798
61953182
5578960
6159818
22578143
17785119
93195068
81164416
66255642
36416866
61941111
83620482
67291486
71202773
63200927
20456388
42397733
88593471
15354685
91796526
77969458
60018181
63041490
88921055
20722668
48878842
82714855
83785934
97962869
74844582
48327414
98553727
40940644
47346497
38173620
65201033
51034728
64175726
5340185
96651825
62307972
15103644
67673988
64275892
62323204
11918996
9510310
18047962
84730860
46773721
44422695
13502069
77845727
89341960
1698224
12037383
20715796
87160681
4761982
23468429
48010052
82123745
41433151
35170550
41947260
62512100
67113480
39012989
68444893
65431986
3697743
13373907
49608528
48840228
11117610
44219635
92432341
94373561
67813241
25063886
67247067
30045484
8209995
73436334
6052419
29505465
71771024
79024148
42766914
90133636
29077991
56001312
27047284
92516806
23205941
39481241
88697903
58165803
64659558
21647286
56938659
84304756
26500363
87207018
49912610
25735982
46190617
45118688
26751567
48642288
78751628
7218253
35900227
70819501
97114245
4389876
49949019
67684610
56642543
33715844
70002449
8299129
49898636
59006331
77489181
92069079
42887810
38515882
57549009
29835772
21145283
69537310
19106292
537718
57855129
87107457
83748378
43192495
79907823
60344140
85287540
22279042
71602866
61399211
74142294
57160543
45006807
51393285
32561749
49669804
22462999
67063733
106058
35729465
65658914
46985809
88729374
2481834
13109757
75441092
84309038
76833377
61054718
76939008
63903805
36669749
18280691
54277155
37738029
32427987
38995503
19953121
51217490
73979495
8148215
67695736
97883004
37813354
11241772
62164517
23938808
23665089
6555793
73244383
28073412
63477450
39444958
10462926
47887007
83172401
26203407
30445604
65208207
470811
87442333
31881494
57648184
55222276
29882384
19091160
71117600
70809356
9840676
78408671
1317829
98039308
86457759
57787488
21809024
18593877
40160494
36488772
37078893
79612508
39128401
46186508
50729153
41367853
9542770
95706253
53282585
56154108
88934696
89981387
75936823
24920072
64930141
98113774
61059909
33031708
79476683
41760886
25788926
92969809
48859834
91168112
46158932
14031108
64153296
98349628
34066039
23336304
95187806
1951507
79500656
13891599
19519057
98628808
95810727
7786166
48461686
66639550
16161742
43496162
90298751
6316078
23198153
10676374
76017564
22409647
22837865
91220112
19741616
97375448
18783278
32056874
69767009
18267188
6846805
51916611
42868315
45696879
56910198
53116009
61424557
88725438
31835714
5804518
2675683
66329917
40181546
89103544
84266227
70507755
38356137
27050631
13321874
61420973
32647094
11628336
32138079
42035204
78878631
34308316
64198360
5671603
48078971
32422736
92310653
27838311
13886793
96541289
45453048
38420716
39656662
4886556
20439123
4905370
77147221
29541647
61776362
25958282
46132921
38320343
294041
85576974
91797714
89072987
53824698
43265743
77955149
24999517
63576696
20401530
