2207690 2172729
699725 687765
1665982 1577888
607496 514965
130307 88815
122211 103491
1395074 1359045
157546 130139
1948643 1903729
1152097 1059231
2220407 2215535
294668 256018
2074794 2052854
1934328 1878313
2630679 2555823
2121182 2045971
4892188 4876933
28341 2806
94552 28156
119743 30697
17453 17215
1354177 1318479
181302 97732
557100 491974
352291 291971
414374 375802
1043248 978851
2601034 2516510
4728113 4706673
8010035 7921974
543897 486590
57516 1632
131568 111063
279892 277623
125684 105089
6576386 6498996
693458 687454
1414585 1406141
7023935 6958395
2901897 2883796
334815 311477
380726 332731
929755 855755
271017 189748
1238845 1201744
2481597 2479298
152408 71872
5075436 4991767
280296 189854
82424 24748
294183 258486
84614 34208
193912 98455
2293044 2219627
501787 490634
888018 854653
230311 172918
1855526 1803865
1601992 1601080
6647685 6599510
7229 505
149093 78006
1577053 1574782
649999 619144
557289 513370
3166094 3147821
7125043 7111101
301118 207182
1727213 1699492
335074 314294
98114 39081
3900126 3835938
1174275 1131614
1552821 1483468
151841 134472
749365 664189
6205708 6130642
2499934 2403114
167029 121180
342562 271196
1440141 1397684
80880 72495
83980 40994
1605327 1544318
9989946 9984168
6648920 6637632
81841 56172
277616 255238
48711 41798
470838 373151
140548 125849
810364 795028
1087764 1020091
68569 5617
3279426 3185670
3598271 3583612
3892937 3831900
400741 359996
3984706 3974643
638664 636503
734062 637228
61068 17784
603053 552134
990451 957490
4659807 4563214
40933 18949
3224224 3219867
470540 446963
81226 18425
97789 55474
8385105 8298561
83940 29079
7507049 7447944
5403568 5346925
181218 105781
977546 917931
33420 16118
79456 17307
3988017 3987091
1794468 1741069
371966 368011
4470248 4440404
1217305 1216023
234781 175889
365705 288325
92647 81258
713542 632771
32088 3812
203128 120126
185125 112799
119925 84541
277311 202577
1836941 1737756
1581549 1558292
3735490 3648961
5204736 5202161
1553643 1521848
5691597 5626067
187373 132541
654494 609586
4649882 4641371
1642620 1618477
180931 126333
442288 437419
3957611 3951165
371938 318837
164323 73035
7774967 7763279
740393 737046
600450 518745
6697884 6612210
478678 391013
156764 105851
143979 92998
52828 2942
7558629 7536420
3952384 3934207
52349 22467
104901 47559
5242624 5220297
8672506 8611746
1760085 1675514
783662 769383
1994324 1985235
218453 203623
7025384 7015689
109742 45385
1144684 1057661
1634135 1558323
30789 20516
239483 155789
5954484 5939929
170264 99431
62823 40915
1628505 1544267
3531073 3493430
106155 33733
293312 225679
4286895 4266198
203959 105425
423744 409732
7419490 7411951
222865 174486
6434020 6422800
93346 74871
4727013 4631504
5368280 5298595
169879 168970
193223 189264
3169699 3144646
8107257 8053396
1538981 1501223
229601 196340
130448 32966
961170 862854
4575095 4494012
122258 75220
3048058 3032127
2699165 2629760
9678865 9677345
38351 26510
1460538 1419264
4874353 4845771
313848 286224
56356 19198
567172 482390
1210438 1187724
110422 104786
4844841 4825729
652186 571591
8351122 8328095
1242652 1201652
340965 249457
369213 359500
143574 91585
4533582 4489916
449949 393650
5988630 5971213
446932 442696
4282674 4221997
119686 99797
284240 279678
6465069 6446413
4258416 4163426
8499219 8454898
96433 81767
4326620 4322875
357629 319468
631800 572339
211620 195980
54071 13397
6059441 6052255
172124 85676
1779185 1697397
2055085 2052142
3154156 3065033
1839256 1823602
1660113 1628825
920490 826228
141878 60423
2523851 2477739
136754 38557
5734619 5668467
43571 39032
217697 155450
7674720 7634378
6980188 6968602
4843433 4835562
1810778 1789749
8404283 8364281
1856112 1848675
298723 225283
1045762 1022085
1671165 1630336
3926365 3917838
4239 1504
469674 386153
4750334 4725516
1460117 1443858
115927 50579
741786 689900
619862 581177
210173 182550
901035 809831
124199 36566
286215 235754
784958 696051
1938847 1879747
8204566 8110000
249799 220971
346413 316636
185321 147932
95677 46158
8708280 8616363
4672969 4648774
5901133 5871225
4253224 4167908
233289 142666
126878 123203
53933 21957
121473 42848
106318 57824
4467347 4454278
287012 234832
51572 24450
208674 155410
152057 150848
4086283 4027205
890227 831222
54306 16755
69279 25691
1216879 1126660
596483 596210
123135 55130
6125664 6088591
711811 689943
2537554 2463221
1968712 1877564
4166514 4073441
9550024 9518177
136182 129537
89414 37395
122693 117349
295820 236965
3762071 3706082
155360 139902
48537 26093
644396 631747
2158709 2084193
5828155 5757104
2046667 2036830
254304 173514
529568 462133
3034265 2968104
70254 4395
2574558 2542424
1942 294
22477 9740
5998221 5905522
2033843 1998756
965923 937467
83280 6264
91623 51058
84494 30018
805400 705678
137937 83597
165168 143503
330346 289536
427466 346008
1199849 1189586
515605 506788
2237068 2168894
768442 687634
1196955 1184171
1185593 1096924
156328 74056
344766 279560
571221 498429
312469 259855
913760 884824
338065 257129
5626455 5527388
29309 20445
221912 210275
5755096 5674479
1197425 1146754
878196 855535
1896 856
4551036 4536095
459784 408005
180752 147689
69892 6720
1347398 1293899
1371046 1345208
138370 104928
688953 625597
3867215 3780206
533285 522254
2144201 2061964
3134399 3083126
136365 91186
8340733 8264316
426431 342195
3613043 3545396
480961 457547
7382481 7290880
913345 819228
456696 442637
1166101 1157690
2120538 2042919
891435 803287
1431799 1341821
138904 108081
1100677 1066161
1001211 922638
6222825 6202445
25050 8027
2150490 2086208
362829 338168
139123 120013
138194 108946
4273081 4253270
6277599 6225155
2001934 1963615
801034 733741
3468648 3452555
8424328 8350876
792399 712907
3622202 3554984
20444 3077
2597908 2556319
2369778 2355246
65696 58888
87161 72819
1224470 1158151
40035 17581
677515 651047
1468479 1404900
349626 299055
45600 40802
151728 86311
5033607 5021103
33467 5621
366510 355921
430328 384938
363048 356271
3518926 3494886
403127 393800
495436 425899
1584357 1580343
1816633 1812730
31158 23128
434122 428834
4046386 4042607
23154 346
825569 727617
158030 85306
307548 268006
412640 338945
1340085 1253185
216881 119734
2665267 2614213
871383 839004
322818 301576
421850 336419
5447935 5390287
218269 120359
9115 3965
90647 33878
5225984 5160037
902394 854571
1523235 1434514
1614386 1591915
5152297 5100429
189004 129341
6970883 6893329
4344139 4278989
15907 390
109619 57414
5234538 5191160
900 706
548634 531341
2450043 2449266
1040302 1020573
781749 729512
1536995 1486329
71110 9495
244615 191311
221559 129522
108524 74044
8918 1063
8026689 7977085
2156018 2138472
43287 30419
9486127 9434906
8598107 8549020
421612 410613
3502 3108
59676 22924
10135 9231
656075 632786
261056 260236
1017933 950269
244244 186222
1544776 1470327
111864 32398
854968 837354
97678 43043
83730 19166
111535 63659
1480437 1421754
105887 10266
161408 94275
8156910 8138015
5581967 5546208
380151 327519
2547 2049
9640835 9598324
197928 148677
33721 27909
270961 205288
3192552 3163826
529140 471101
67822 9850
3944577 3909053
1840480 1797992
2737653 2696743
429923 356999
77436 33362
9998 8418
558043 526185
7322998 7297013
285704 236844
110631 21662
1192613 1158668
1733439 1702251
62117 15903
1633182 1563373
2361525 2355105
4637116 4614630
8608292 8534571
5377009 5346114
4046174 4009860
3516223 3478300
2091286 2010249
1555840 1529805
1181844 1169990
1450290 1434998
2779190 2711410
6576834 6573709
4917968 4892584
1114913 1056397
9727357 9628585
4315962 4242683
3024837 2962779
1454892 1364300
3209490 3116731
1744393 1655480
4838892 4816589
8956088 8900348
1759759 1683590
2449727 2394395
5665944 5637461
6155799 6152030
5678226 5607910
4251185 4178633
1054534 1037465
1825752 1795088
1619928 1583823
2012031 1967676
7632098 7577220
2500474 2420445
4062134 3992627
1662608 1612213
1346355 1300623
5751048 5733292
1474831 1440730
1170893 1095404
4112189 4034178
2137085 2090532
1502090 1446309
5137349 5059388
3791048 3733126
1291750 1273765
2637561 2629154
6700364 6625904
1084513 1025077
4302278 4202303
9816252 9753680
3920680 3840715
3458556 3406434
9995390 9934052
9597814 9501555
7442833 7425733
7368378 7365719
3230156 3132574
1098490 1001287
6379004 6308636
1791260 1770606
1305621 1258318
1701339 1649328
1210311 1115133
3563251 3518711
4782224 4762663
2023412 1973419
1209248 1159555
2749543 2692124
1593490 1566263
1656489 1567859
3762669 3739168
1393104 1350969
4339629 4282142
3218686 3134994
3047484 3001156
9018101 8947256
1328499 1285286
1476956 1446472
3470542 3378223
6210458 6142633
4164245 4115985
1915911 1885349
3274985 3244661
8005849 7910909
7428612 7351962
7575234 7477087
2333464 2305083
5984066 5968295
2267221 2172945
8327700 8323031
1711466 1693348
1024989 983925
3084660 3010695
3234727 3136132
5501407 5447028
1323648 1273666
3533383 3467247
1054327 1002945
1426431 1413319
1812442 1782777
4024196 3931863
1254586 1171243
1243926 1202018
8520596 8469141
1436702 1377831
2224367 2168119
3051672 2958793
1439587 1342235
5555474 5553144
5247034 5151044
9848627 9783620
9080871 9007986
1972584 1904593
1262547 1238466
5874427 5839074
1617004 1574078
9549970 9476052
4674530 4668666
5981997 5896691
4743036 4687833
2690182 2666950
3629140 3579436
6786961 6780934
1558062 1505377
3065334 3051687
9061193 8994982
5860322 5858929
5134373 5124368
2711531 2634551
4616480 4534350
2603989 2591068
1413245 1382305
2455831 2389786
1454811 1372856
7330320 7241346
1202135 1122420
3593778 3508641
4840258 4788094
5420586 5395854
7435815 7400252
3841360 3802576
6496183 6484474
5036485 5022416
6657730 6589760
6854040 6775598
2305538 2252439
2098771 2084924
3585481 3523714
3402376 3339331
2953180 2866583
3095527 3025835
1223521 1190376
2261226 2175613
1551142 1545203
1649953 1612716
3343591 3304642
4268277 4208415
1028264 966927
5415544 5321075
8251671 8196765
3924533 3880745
4698888 4667320
2822705 2780001
4153871 4127228
5036790 4946930
3924113 3893830
4824969 4751233
1031896 1018014
2069073 2035068
2306034 2219110
1418814 1388655
3373471 3280875
2697532 2605276
1080724 1056880
2455213 2420563
6163755 6147402
6796135 6711057
3629932 3598528
2523885 2457364
1089844 1024624
4980244 4919781
4921798 4847025
1313804 1303320
5451522 5382281
1060860 1030885
2088976 2056769
4317815 4235772
1159503 1076216
3188789 3110947
3365401 3268483
3958473 3881386
7550121 7481057
4938992 4886461
9514118 9414828
8780241 8753183
3552750 3511355
2807335 2731398
2064679 2044134
2325921 2297822
1597368 1503840
1418518 1394180
2094896 2000983
2615035 2531643
1046344 1032454
2727246 2642254
1970092 1966393
1010123 913543
4105362 4047515
1460071 1455728
3236805 3204114
2690658 2625194
4739130 4719364
1405437 1313665
1819537 1751607
4152435 4112503
9052414 8988438
3456140 3423451
1792013 1782488
2490121 2392262
2597305 2500111
1406606 1375832
4358797 4293538
1072238 987219
3002590 2922839
6733881 6710730
9696828 9676637
3037722 2968335
1668096 1596515
1403438 1322132
6434454 6405434
3882623 3812204
1200237 1145030
2129702 2085739
1374303 1290000
7594676 7581522
5099533 5085014
1035709 1022082
1118202 1018468
1004521 937169
2449291 2366480
1281250 1269758
7463809 7428024
7539371 7455308
5813294 5763725
1929456 1909780
3677921 3609652
1379096 1370415
3937451 3913237
1998087 1924390
5078161 5023997
4569155 4518684
1873195 1858734
2359027 2318084
1198349 1172011
2817985 2786753
7497271 7432706
4164732 4123189
5144628 5059142
3370831 3283743
2400668 2318138
1753871 1727922
7951451 7908792
6253909 6169896
1909796 1881084
5321339 5319504
6496843 6423408
2129127 2080540
5338183 5260360
1111212 1011570
9938023 9841415
1178283 1083259
1787155 1760995
1715469 1656898
2901810 2823535
1348223 1266723
1674622 1603630
6746342 6699769
4693184 4636129
5394312 5297126
3898936 3875900
2882724 2864653
2417600 2379845
1896108 1829664
9096534 9036759
3872688 3845547
8369447 8339436
2417353 2411750
3462626 3375498
6779969 6738058
1128320 1086156
3701594 3671107
8381696 8327263
6274518 6234377
6240213 6205905
1406432 1396759
1460041 1405843
2413412 2404837
6557724 6514228
6237693 6205734
1523417 1482699
5058370 5014816
6896316 6884656
2619542 2532425
2991766 2920777
1407242 1406301
1346594 1271496
1256852 1204466
5160523 5140622
4095793 4049948
2682536 2626433
1409703 1343467
1062809 999563
3065338 3011712
3511481 3497732
3077726 3059680
3037067 2969335
1068520 985888
3845554 3807387
9594069 9535132
3794539 3754198
2043958 1958623
2503588 2480941
3876289 3872013
4510066 4411262
8987027 8971255
3137270 3068547
3584009 3500971
1490834 1429784
2613783 2514912
1166639 1156306
1162451 1126861
6826385 6745438
1076483 1051409
5265363 5205443
3189916 3119388
2722807 2652026
2587269 2566617
8668182 8628821
6779366 6698628
4445414 4424001
1786966 1740742
8832290 8778587
7637838 7580673
3735172 3708451
4615067 4571543
1071361 1046993
2765838 2687630
2106237 2015507
3077560 3013443
1972271 1882688
5330837 5322712
4207748 4122785
2071552 1992147
8448368 8352452
1037950 959381
7704432 7665731
3163911 3119485
3707931 3685457
8627601 8612954
3117229 3106774
2951378 2929831
1269705 1249098
1839707 1812478
8711008 8623616
3360119 3339996
1667625 1664501
4983249 4916960
3537242 3444712
6202412 6121499
5002604 4919587
1645922 1623858
5615026 5535870
8091445 8063366
1906971 1826609
4851950 4753036
8179943 8150027
8781661 8741058
4790053 4748658
2342529 2271948
5293856 5268763
2326646 2288391
1719965 1661841
1700812 1679433
2331381 2285331
5109028 5033456
4931261 4856418
1579125 1507818
3613626 3563731
7819518 7750988
1527620 1438441
1105938 1070949
1867851 1785859
5065429 4967581
1503721 1487921
7209010 7148645
3230659 3150779
8641093 8554619
4873714 4828569
1116128 1043547
5636637 5615534
2629557 2567285
5670339 5609951
1977558 1938155
2522506 2448571
1419644 1351887
6486946 6397219
1021393 938215
8184509 8117742
1497284 1401883
1737217 1648859
1010310 971100
1826214 1799324
2879311 2802335
2399799 2363724
2212398 2171858
1111650 1038967
3565665 3539043
1734149 1695791
3079132 3022913
8426741 8386764
5497164 5474861
3696277 3668929
1161161 1150747
1685401 1604839
3128538 3080047
1302225 1212667
8956679 8884544
4327105 4243926
2003156 1962075
3956177 3873898
2530266 2510009
1093768 1007671
8848734 8842878
1081680 1059231
1136949 1085680
3747171 3685893
2284278 2266011
1904481 1881633
1811902 1754877
9788878 9739095
9337820 9256958
3426969 3376395
4732967 4673614
2451876 2422917
1109125 1080229
1848204 1828569
3926573 3916774
1598078 1525256
9598581 9563371
5045403 4989105
9540233 9442595
1086901 1030870
3312902 3298865
1232248 1207628
4013219 3948575
7129276 7095885
4699758 4680931
6410139 6328224
2778121 2750003
7026638 6973968
3693440 3667441
2997433 2904581
8250750 8194758
3937939 3880865
3904460 3827811
3233466 3206673
4007501 3940156
9325986 9234307
1041056 941065
6875423 6860106
4618119 4547321
2265421 2231279
3174352 3098718
2232818 2213395
4939071 4909913
3203913 3124691
8810386 8777394
2272435 2179835
1302809 1251653
5934352 5842312
2345479 2259176
2715463 2641488
2952192 2950516
4350318 4322943
1666822 1596940
1872721 1830938
1861406 1810754
7399247 7377538
7058755 7017776
4520872 4464926
1545168 1465571
8301763 8277714
1127774 1036761
9651427 9615732
1034273 975845
2702594 2655803
9889076 9876594
1404806 1373080
8360098 8316418
7114204 7020852
0 0
