1
3
  1
5 -
  2
  1
8 -
  3
   5
11 --
   12
   7
14 --
   10
   3
18 --
   20
   26
21 --
   35
   129
25 ---
   280
   73
29 ---
   252
   551
33 ----
   2520
   551
37 ----
   2310
   9473
41 -----
   27720
   13433
45 -----
   25740
   18581
49 -----
   24024
   4129
54 -----
   45045
   340463
58 ------
   720720
   620743
62 ------
   680680
   1662439
67 -------
   4084080
   3704479
71 -------
   3879876
   408335
76 ------
   739024
   46533
81 ------
   235144
   4597419
85 -------
   5173168
   9265735
90 --------
   14872858
   142406227
95 ---------
   356948592
    73762267
100 ---------
    343219800
    206234003
105 ----------
    2974571600
    2755866803
109 ----------
    2868336900
    71315126587
114 -----------
    80313433200
    65960897707
119 -----------
    77636318760
    1967151510157
124 -------------
    2329089562800
    3934303020314
129 -------------
    4512611027925
    4071048809039
134 -------------
    4375865239200
