144624.00 9 5 3
IBM 500 3
97.27 98.31 97.42 98.9 100.07 98.89 98.65 99.34 100.82
GOOG 100 1
467.59 483.26 487.19 483.58 485.5 489.46 499.72 505 504.28
JAVA 1000 2
5.54 5.69 5.6 5.65 5.73 6 6.14 6.06 6.06
MSFT 250 1
29.86 29.81 29.64 29.93 29.96 29.66 30.7 31.21 31.16
ORCL 300 3
17.51 17.68 17.64 17.86 17.82 17.77 17.39 17.5 17.3
100 1 1 1
A 1 1
100
100 2 1 1
B 1 1
100 110
100 2 1 1
C 1 1
100.01 110
100.02 2 1 1
D 1 1
100.01 110
123.45 4 8 1
ABCDE 3 1
41.15 41.16 41.17 41.18
FGHIJ 823 1
0.15 0.16 0.17 0.18
KLMNO 5 1
24.69 24.70 24.71 24.72
PQRST 1 1
123.45 123.46 123.47 123.48
UVWXY 12345 1
0.01 0.02 0.03 0.04
ZABCD 2469 1
0.05 0.06 0.07 0.08
EFGHI 4115 1
0.03 0.04 0.05 0.06
JKLMN 15 1
8.23 8.24 8.25 8.26
100000000.00 2 1 8
ZZZZZ 1000000 8
11.11 111.10
9050377.24 50 3 5
VIP 625640 3
6.54 6.65 6.66 6.59 6.59 6.57 6.47 6.57 6.59 6.52 6.55 6.54 6.6 6.65 6.65 6.76 6.81 7 7.29 7.07 7.03 6.82 7.16 7.12 7.1 7.06 6.78 6.65 6.5 6.56 6.47 6.46 6.58 6.74 6.7 6.7 6.61 6.43 6.42 6.44 6.45 6.8 6.93 6.94 6.86 7.03 6.76 6.95 6.74 6.85
SPY 6362 1
114.85 115.7 117.35 117.26 117.19 117.15 116.72 116.42 116.2 115.93 115.57 115.83 115.29 115.5 115.41 115.52 116.1 115.85 114.87 115.61 115.42 114.81 114.89 115.16 114.53 114.69 114.21 113.05 112.3 111.26 111.48 112.72 112.1 113.28 112.58 112.93 112.97 112.1 111.91 111.29 109.8 111.19 110.76 111.84 111.11 111.54 109.41 110.96 110.08 109.75
QQQQ 5287 2
36.69 37.11 37.53 37.57 37.59 37.59 37.58 37.38 37.26 37.41 37.23 37.63 37.39 37.47 37.79 37.78 38.34 38.07 37.76 37.89 37.87 37.49 37.65 37.53 37.34 37.2 36.89 36.39 36.17 35.94 35.55 35.65 35.47 35.73 35.56 35.46 35.43 35 34.83 34.69 34.46 34.81 34.76 35.08 34.8 35.32 34.41 34.7 34.46 34.45
45565292.95 100 5 5
IBM 374245 3
80.91 81.16 80.57 80.45 78.69 79.2 79.48 79.04 79.9 80.46 80.92 81.03 80.89 80.74 81.71 81.04 80.17 79.94 79.79 79.79 80.76 78.87 78.14 77.37 77.48 77.77 78.1 77.87 78.01 77.17 75.71 75.15 75.72 75.92 75.29 76.4 77.11 77.98 77.67 78.13 78.39 79.1 79.06 78.44 78.61 78.65 77.14 77.21 78.26 78.18 78.96 78.03 78.73 78.94 79.63 80.18 80.34 78.78 78.92 78.92 80.09 79.79 80.24 79.62 81.06 80.92 80.73 80.49 81.4 80.68 80.79 80.82 81.15 81.22 81.46 81.54 81.77 81.73 81.93 81.06 79.23 79.78 79.82 78.88 77.51 76.47 76.8 74.94 73.42 72.43 72.31 71.86 72.37 72.92 71.55 71.67 73.03 74.79 74 74.13
MSFT 190542 4
26.23 26.19 25.85 25.64 25.66 25.17 24.92 24.76 24.1 24.35 24.27 24.34 24.03 24.04 24.33 23.83 23.79 23.92 23.84 23.56 23.67 23.72 23.84 23.98 23.92 24.22 24.73 24.95 25.15 24.89 24.57 24.5 24.5 24.57 24.72 25.06 25.21 25.28 25.47 25.51 25.68 25.8 25.77 25.8 26.04 26.18 26.2 26.38 26.55 26.36 26.33 26.15 26.21 26 26.06 26.09 25.91 26.01 26.13 25.93 26.31 26.15 26.37 26.06 26.44 26.23 26.84 26.41 26.35 25.92 25.06 24.76 24.9 24.87 24.69 24.84 24.83 25.56 25.32 25.29 24.7 24.93 25.11 24.81 24.76 24.45 24.26 23.83 23.88 24.15 23.89 24.02 24.26 24.24 24.22 24.21 24.47 24.24 24.32 24.28
GOOG 156945 3
389.9 395.03 390.43 385.95 379.68 379.38 372.14 358.17 353.06 355.44 346.91 348.65 339.9 303.2 308.7 303.28 305 296.14 297.44 300.97 306.1 310.65 312.99 312.75 310.71 311 318.68 316.46 309.62 306 313.94 314.28 315.36 311.37 311.9 307.91 303.79 300.2 302.62 303 311.68 309.74 299.09 295.39 294.87 287.11 288.45 286.25 286 287.27 288.45 283.58 282.59 282.57 279.58 274.01 280 279.99 285.1 285.65 284 289.72 284.05 285.68 291.57 291.25 292.35 297.73 297.3 299.19 291.61 287.76 293.5 296.93 296.09 295.85 302.4 313.94 312 309.9 299.54 301.19 300.89 298.86 291.78 293.35 296.23 295.54 291.52 295.71 291.25 294.15 292.72 302 304.1 297.25 289.71 289.3 287.84 286.7
AAPL 519781 3
59.9 60.23 61.15 61.85 59.95 57.5 57.59 54.47 55.41 57.03 56.1 56.79 55.66 56.14 54.94 52.21 53.44 54 53.74 49.25 51.59 50.37 51.3 51.7 52.78 53.75 54.44 53.61 52.34 51.08 53.44 53.84 53.2 51.9 52.11 53.19 52.64 51.21 49.87 49.61 50.82 51.4 51.31 49.78 48.68 48.8 46.22 46.26 46.89 46.57 45.84 45.74 46.06 45.77 45.74 45.87 45.83 46.3 47.15 46.25 47.68 46.1 44 43.38 43.82 42.65 42.99 42.71 43.22 43.19 42.75 42.65 43.8 43.99 43.63 43.81 44 43.29 43.63 43.19 41.49 41.55 40.75 38.35 38.24 38.1 38.25 37.63 37.39 37.98 36.5 36.81 36.37 37.31 37.1 37.76 38.89 38.55 37.86 37.61
INTC 949426 3
23.59 23.54 23.05 22.96 22.38 21.69 22.51 22.34 21.87 22.09 22.13 22.12 22.17 22.62 22.69 22.72 22.47 22.25 22.22 22.26 22.43 22.43 22.81 22.76 23.05 23.46 23.56 23.61 23.44 22.94 22.82 23.2 23.35 23.52 23.46 23.44 23.64 23.76 23.51 23.45 23.85 23.93 24.18 24.99 24.57 24.61 24.21 24.19 24.63 24.49 24.64 24.34 24.38 24.45 24.63 24.96 24.57 24.79 24.99 24.9 25.41 25.2 25.69 25.74 25.76 25.58 25.64 25.87 26.47 26.32 25.89 25.92 26.11 25.84 25.68 25.32 25.54 25.81 26.2 27.42 26.96 27.02 26.62 26.35 26.5 26.45 26.05 25.36 25.31 25.48 25.03 24.85 25.07 25.14 24.69 24.92 25.56 25.89 25.95 25.69
99999999.99 100 8 8
INTC 125548 2
19.29 19.39 18.82 18.49 18.26 18.40 18.78 18.89 18.72 18.53 18.78 18.46 18.50 18.69 18.58 18.71 18.81 18.64 18.68 18.79 19.02 19.14 18.91 19.07 18.92 19.02 19.29 19.10 18.94 18.87 18.97 19.23 19.08 19.05 19.17 19.07 19.32 19.37 19.60 19.62 19.78 20.08 19.89 19.81 19.66 19.59 19.46 19.91 19.90 20.61 20.61 20.63 20.40 20.56 20.28 19.96 19.96 19.90 20.03 20.37 20.71 20.43 20.81 20.82 20.65 20.38 20.45 20.52 20.91 21.53 21.72 24.52 24.78 24.96 25.12 25.10 25.44 25.28 25.25 24.90 24.57 23.99 24.09 24.45 24.47 24.96 24.96 24.87 24.80 24.77 25.35 25.54 25.59 25.68 25.58 25.06 24.70 25.13 25.63 25.85
IBM 586366 5
80.32 81.83 81.31 80.65 80.10 79.66 80.01 79.86 81.27 79.64 79.97 78.77 79.17 80.09 80.46 81.76 82.11 81.41 81.03 80.45 81.16 81.09 80.41 81.05 81.32 81.16 82.38 81.76 81.53 81.26 80.84 81.34 80.85 79.92 79.57 79.04 79.15 78.32 78.04 78.00 77.98 77.94 78.28 78.66 78.14 78.24 79.36 78.53 78.73 78.93 78.87 79.10 78.47 79.34 78.43 78.82 77.70 77.37 77.82 79.04 79.73 79.11 79.43 78.84 78.55 78.73 78.67 79.22 79.17 80.85 81.54 80.76 80.93 81.32 81.90 81.81 81.48 82.66 80.28 79.74 79.85 79.99 80.18 80.80 80.75 81.23 80.98 80.88 80.26 80.53 81.12 81.28 80.89 81.46 83.64 84.63 85.14 86.33 86.74 86.05
GOOG 653349 4
417.94 420.03 425.97 427.16 440.50 437.10 415.00 410.50 404.24 406.82 402.16 408.95 409.66 416.38 406.16 411.18 407.99 404.34 389.70 390.00 388.44 394.98 377.20 369.69 365.80 341.89 340.22 339.92 348.19 339.79 338.77 344.50 351.16 337.06 337.50 343.00 353.88 364.45 368.10 378.18 376.45 364.80 362.62 390.38 377.40 378.07 365.49 366.59 368.75 366.46 342.38 343.32 345.70 362.61 358.77 369.08 367.92 385.10 381.55 396.04 401.78 432.66 426.82 433.49 434.27 433.00 443.03 427.50 399.46 436.45 444.91 467.11 466.25 463.63 471.63 469.76 466.90 465.66 451.24 445.24 435.23 414.86 420.15 426.69 424.64 430.93 432.04 426.33 429.74 424.60 430.15 422.55 418.96 417.49 412.61 409.20 410.65 404.22 404.54 405.85
GE 537201 1
33.11 32.96 32.67 32.52 32.48 32.52 32.66 32.44 32.42 31.87 32.44 32.99 32.59 32.47 32.57 33.03 32.95 33.22 33.21 33.29 33.17 32.48 32.16 32.34 32.50 32.66 33.05 32.87 33.02 33.03 32.91 32.95 32.33 32.23 32.21 31.78 32.00 31.73 31.68 31.65 31.44 31.36 31.46 31.89 31.72 31.84 31.96 31.70 31.93 31.69 31.79 31.79 31.59 31.62 31.28 31.11 30.70 31.12 31.21 31.26 31.49 31.12 31.29 31.31 31.37 31.13 31.32 31.63 31.70 32.95 33.08 33.20 33.35 33.25 33.66 33.43 33.61 33.70 33.47 33.56 33.60 33.30 33.43 33.36 33.31 33.65 33.65 33.32 33.53 33.79 34.02 33.96 33.74 33.46 33.54 33.52 33.35 33.56 33.77 33.74
T 280879 2
24.71 24.87 24.66 24.13 24.07 23.90 23.89 24.27 24.45 23.97 24.11 24.15 24.30 24.54 24.66 24.93 25.22 25.25 25.09 25.18 25.16 25.38 25.16 25.43 25.48 25.14 25.06 24.88 24.97 25.14 25.24 25.43 25.44 25.25 25.35 25.09 24.94 24.70 25.16 26.06 26.33 26.15 25.69 25.86 25.67 26.01 26.30 26.21 26.33 26.49 26.37 26.34 25.74 25.59 25.26 25.26 25.06 25.19 24.94 24.69 24.72 24.16 24.25 24.11 23.75 23.47 22.96 22.77 23.01 23.18 23.11 23.13 23.27 23.24 23.34 23.16 23.30 23.21 22.92 22.87 22.70 22.50 22.62 22.62 22.63 22.63 22.58 22.46 22.65 22.81 22.93 22.83 22.85 22.98 22.84 22.87 22.83 23.05 23.15 23.23
BA 877578 4
81.36 81.99 82.78 82.98 83.94 84.29 83.36 82.83 81.21 80.29 80.85 81.13 78.55 78.77 77.58 77.82 77.13 76.63 76.06 75.98 76.46 77.20 75.57 76.43 76.76 75.95 76.64 76.30 76.22 75.90 74.81 74.15 73.56 72.97 72.92 71.91 71.00 71.33 70.81 71.55 70.98 71.12 70.87 72.27 72.45 72.05 72.53 71.22 71.13 70.73 70.64 70.89 70.30 70.71 70.21 69.96 69.47 69.07 68.81 69.61 69.53 66.32 67.02 66.56 66.72 64.96 65.69 65.07 64.56 66.18 66.34 66.69 67.46 67.66 68.06 67.09 66.77 67.33 68.28 69.10 68.39 68.19 69.11 68.89 68.48 69.41 69.24 68.34 68.68 67.93 68.69 68.73 69.37 68.53 68.15 67.62 68.03 67.62 67.54 67.18
MSFT 956181 5
23.57 26.59 26.44 26.45 26.45 26.49 26.38 26.38 26.56 26.19 26.42 26.54 26.47 26.63 26.59 26.89 27.07 26.97 26.89 26.55 26.57 26.37 26.25 26.36 26.36 26.20 26.49 27.07 27.22 26.84 26.61 26.70 26.57 26.45 26.51 26.35 26.59 26.41 26.26 26.28 26.32 26.48 26.22 26.40 25.99 26.02 26.07 25.90 26.05 26.16 26.23 25.92 25.66 25.96 25.93 26.17 26.20 26.42 26.78 26.92 27.27 27.38 27.23 27.03 25.77 25.67 25.56 25.63 25.68 26.28 26.09 26.25 26.44 26.39 26.54 26.26 26.12 26.17 26.25 26.23 26.10 25.43 25.55 25.66 25.73 25.91 25.86 26.00 26.12 26.09 26.16 26.18 26.35 26.38 26.70 26.95 26.93 26.99 26.93 27.08
SPY 965125 1
128.64 128.21 127.59 127.56 128.09 128.32 128.30 128.13 127.88 125.89 125.94 126.10 125.87 126.94 126.75 128.05 128.19 127.75 126.93 127.03 127.00 127.23 126.43 127.22 127.40 127.31 127.57 126.80 127.60 127.80 127.70 127.43 126.87 125.55 125.32 124.14 124.98 124.72 124.91 125.49 126.07 126.08 124.97 126.17 126.12 125.80 125.98 125.22 125.53 125.88 124.94 124.50 123.20 123.42 123.20 123.40 122.29 123.38 123.06 123.67 125.12 124.26 125.17 125.27 124.12 123.44 123.33 123.21 122.77 125.05 124.57 125.07 125.41 125.52 126.02 125.62 125.50 125.17 124.14 124.06 123.48 121.34 122.01 122.55 122.28 123.54 123.47 122.83 122.63 122.51 123.15 123.54 123.90 123.42 122.58 122.47 122.15 122.23 122.94 122.71
58140504.11 100 8 5
SPY 757173 4
126.12 126.17 124.97 126.08 126.07 125.49 124.91 124.72 124.98 124.14 125.32 125.55 126.87 127.43 127.70 127.80 127.60 126.80 127.57 127.31 127.40 127.22 126.43 127.23 127.00 127.03 126.93 127.75 128.19 128.05 126.75 126.94 125.87 126.10 125.94 125.89 127.88 128.13 128.30 128.32 128.09 127.56 127.59 128.21 128.64 127.59 128.55 128.07 128.53 129.66 129.51 129.76 129.69 128.13 126.45 126.71 126.52 124.12 123.49 124.36 123.41 122.47 123.45 124.98 125.61 123.38 124.76 125.96 126.22 124.38 124.08 123.15 123.04 122.65 121.32 119.91 120.84 123.40 122.50 121.54 121.95 122.86 122.32 122.30 122.84 121.78 122.60 125.08 125.09 125.60 124.88 125.24 124.43 124.66 125.21 123.88 121.86 121.39 121.21 121.83
QQQQ 441164 2
41.05 41.51 40.89 41.45 41.48 41.24 40.88 40.64 40.66 40.31 40.35 40.47 41.16 41.51 41.16 41.27 41.37 40.93 41.03 40.91 41.12 41.13 40.96 41.74 41.87 41.75 41.80 42.02 42.42 42.54 42.13 42.07 41.74 41.75 41.92 41.48 42.27 42.46 42.31 41.82 41.78 41.69 41.68 42.07 41.67 41.26 41.37 41.31 41.65 41.98 42.01 41.86 41.49 40.56 40.01 39.98 39.69 39.15 38.88 39.18 38.80 38.42 38.68 39.19 39.32 38.47 38.65 39.57 39.47 38.61 38.58 38.29 38.23 37.98 37.24 37.09 37.46 38.48 38.20 37.89 37.94 38.54 38.05 38.01 38.11 37.39 37.67 38.82 38.63 38.86 38.01 37.97 37.55 37.22 37.50 36.79 36.18 35.81 35.90 36.02
GOOG 291198 2
377.40 390.38 362.62 364.80 376.45 378.18 368.10 364.45 353.88 343.00 337.50 337.06 351.16 344.50 338.77 339.79 348.19 339.92 340.22 341.89 365.80 369.69 377.20 394.98 388.44 390.00 389.70 404.34 407.99 411.18 406.16 416.38 409.66 408.95 402.16 406.82 404.24 410.50 415.00 437.10 440.50 427.16 425.97 420.03 417.94 398.90 394.80 394.17 394.75 394.30 394.78 408.80 402.98 387.00 374.13 376.20 371.30 374.50 370.99 370.02 370.95 375.58 381.25 382.99 381.35 371.94 371.82 382.62 379.44 374.44 389.99 386.51 393.30 386.57 381.54 386.52 384.39 391.00 390.70 388.14 387.17 402.13 399.95 404.86 404.22 402.32 406.11 417.81 419.33 423.20 421.46 423.19 420.45 418.20 424.56 417.25 408.83 403.50 407.89 403.05
MSFT 612091 3
25.99 26.40 26.22 26.48 26.32 26.28 26.26 26.41 26.59 26.35 26.51 26.45 26.57 26.70 26.61 26.84 27.22 27.07 26.49 26.20 26.36 26.36 26.25 26.37 26.57 26.55 26.89 26.97 27.07 26.89 26.59 26.63 26.47 26.54 26.42 26.19 26.56 26.38 26.38 26.49 26.45 26.45 26.44 26.59 23.57 23.70 23.43 22.61 22.87 23.22 23.16 23.05 23.20 22.66 22.61 22.68 22.54 22.27 22.36 22.10 22.41 22.33 23.02 23.26 23.24 22.68 22.19 22.36 22.30 22.04 21.68 21.59 21.66 21.47 21.27 21.07 21.43 21.62 21.65 22.09 22.10 22.61 22.41 22.04 22.36 22.39 22.69 22.99 22.83 23.22 22.87 23.00 22.83 23.02 22.63 22.18 21.81 21.84 22.02 22.28
ORCL 89370 3
12.46 12.46 12.42 12.81 12.80 12.79 12.77 12.88 12.86 12.84 12.90 12.90 12.96 13.24 13.50 13.60 13.72 13.62 13.99 13.80 13.79 13.84 13.59 13.72 13.78 13.69 13.79 13.84 13.95 13.80 13.75 13.83 13.84 13.78 13.68 13.74 14.00 14.31 14.15 14.28 14.48 14.65 14.72 14.93 14.59 14.58 14.43 14.32 14.29 14.45 14.23 14.11 14.24 13.91 13.98 13.97 14.19 13.85 13.77 13.70 13.55 13.47 13.78 14.07 14.05 14.02 14.22 14.22 14.15 13.86 13.82 13.54 13.53 13.47 13.25 13.15 13.19 13.70 14.19 14.29 14.25 14.53 14.33 14.90 14.67 14.50 14.58 14.74 14.49 14.81 14.57 14.50 14.78 14.59 14.54 14.22 14.10 14.29 14.42 14.72
AMD 377888 3
40.54 40.62 38.67 40.07 41.33 39.51 39.39 38.27 37.09 36.21 36.63 34.00 34.99 35.12 34.08 33.95 34.15 34.44 34.37 34.75 36.13 35.33 34.09 34.29 33.59 33.16 33.18 33.43 34.78 34.70 33.69 34.57 34.35 35.42 31.80 30.60 31.23 31.54 31.38 31.73 32.81 33.41 32.80 32.80 32.35 31.79 32.62 33.27 33.95 34.43 33.95 34.16 32.83 31.49 31.66 31.12 30.81 30.77 31.35 34.95 33.18 31.79 31.18 30.97 31.63 30.48 30.89 31.39 30.10 29.06 28.95 28.00 27.03 26.75 25.68 24.39 25.11 26.11 25.64 24.95 24.87 25.42 25.37 25.14 24.66 24.26 23.89 24.81 24.42 24.60 23.90 23.83 23.56 22.51 22.98 22.84 22.13 21.60 20.92 20.55
INTC 18472 2
19.66 19.81 19.89 20.08 19.78 19.62 19.60 19.37 19.32 19.07 19.17 19.05 19.08 19.23 18.97 18.87 18.94 19.10 19.29 19.02 18.92 19.07 18.91 19.14 19.02 18.79 18.68 18.64 18.81 18.71 18.58 18.69 18.50 18.46 18.78 18.53 18.72 18.89 18.78 18.40 18.26 18.49 18.82 19.39 19.29 18.82 18.92 18.59 18.77 18.93 19.52 19.31 19.00 18.79 18.48 18.75 18.50 18.11 18.10 17.82 17.48 17.42 17.36 17.52 17.68 17.28 17.49 17.51 17.69 17.45 17.27 16.88 16.61 16.65 16.36 16.62 17.21 17.59 17.76 17.70 17.61 17.86 17.71 17.47 17.74 17.52 18.11 18.75 18.44 18.79 18.20 18.29 18.01 17.64 18.12 17.35 17.20 17.35 17.31 17.67
T 225346 4
25.67 25.86 25.69 26.15 26.33 26.06 25.16 24.70 24.94 25.09 25.35 25.25 25.44 25.43 25.24 25.14 24.97 24.88 25.06 25.14 25.48 25.43 25.16 25.38 25.16 25.18 25.09 25.25 25.22 24.93 24.66 24.54 24.30 24.15 24.11 23.97 24.45 24.27 23.89 23.90 24.07 24.13 24.66 24.87 24.71 24.66 24.66 24.50 24.43 24.48 24.64 24.80 24.67 24.61 24.15 24.31 24.29 23.66 23.32 23.83 23.79 23.80 24.00 24.23 24.73 24.36 24.57 25.37 25.20 25.08 25.20 25.07 25.06 25.09 25.13 25.47 25.61 26.14 26.20 26.24 26.00 25.76 25.73 25.80 25.76 25.78 25.84 26.11 26.29 26.33 26.30 26.39 26.47 26.12 25.99 25.91 25.34 25.36 25.52 25.75
26704931.89 100 8 6
SPY 62917 5
124.53 125.77 125.65 125.03 125.87 126.21 125.99 125.75 125.21 124.79 125.18 124.82 124.92 126.41 127.47 127.79 128.44 127.89 127.88 127.52 127.42 127.57 128.18 128.33 128.41 128.39 129.16 129.40 128.26 127.67 128.04 128.16 129.42 129.94 129.95 130.26 130.43 130.11 130.80 130.17 129.77 130.77 131.86 132.01 131.96 131.86 131.36 131.64 133.18 133.44 133.27 133.35 133.52 133.37 134.52 134.87 135.07 134.65 134.83 135.04 135.07 135.70 136.10 136.56 136.99 136.13 136.03 136.01 135.09 135.01 134.78 136.30 136.82 137.12 136.40 136.46 136.79 137.82 138.21 138.57 138.61 138.69 138.82 139.10 138.54 136.63 137.23 138.66 138.72 138.41 139.47 140.07 139.95 139.34 139.59 140.00 139.89 140.04 141.27 140.50
QQQQ 300310 4
36.21 36.97 36.96 36.34 36.75 36.98 36.81 36.57 36.34 36.39 36.65 36.39 36.63 37.56 38.45 38.59 38.65 38.28 38.29 38.00 38.11 38.18 38.47 38.59 38.77 38.73 38.93 39.31 38.53 38.35 38.58 38.82 39.53 39.80 39.84 39.98 39.99 39.72 40.30 40.05 39.74 40.44 40.64 40.59 40.70 40.52 40.01 40.18 41.17 41.37 41.28 41.42 41.49 41.41 42.07 42.30 42.34 41.87 41.67 41.77 41.87 42.30 42.01 42.30 42.69 42.08 42.35 42.45 41.87 41.91 41.80 42.41 42.70 42.89 42.70 42.89 43.33 43.79 43.97 44.16 44.16 44.25 44.31 44.59 44.51 43.50 43.63 43.93 43.90 43.52 44.12 44.28 44.12 43.56 43.76 43.92 43.66 43.74 44.23 44.34
GOOG 28216 1
382.40 388.12 386.60 375.51 367.23 375.39 373.85 377.95 381.00 376.94 374.20 368.50 369.43 380.97 387.72 385.80 383.36 377.30 378.29 373.43 373.73 373.26 380.95 378.95 380.75 378.53 378.60 384.36 380.14 378.49 377.85 384.09 391.90 406.57 403.98 409.88 414.69 403.81 397.00 406.85 403.78 403.98 406.87 402.92 403.58 401.90 401.44 404.04 415.70 411.81 420.50 429.00 426.65 426.50 427.44 427.30 421.75 420.64 419.31 426.06 459.67 480.78 473.31 486.60 485.10 475.20 476.57 476.39 467.50 469.91 471.80 476.95 472.57 475.00 472.63 473.55 481.03 489.30 491.93 495.90 498.79 495.05 509.65 508.01 505.00 484.75 489.50 484.65 484.81 480.80 484.85 487.00 488.71 482.64 484.11 483.93 481.78 478.99 482.12 480.30
MSFT 313085 1
23.38 23.76 23.57 23.50 23.80 23.72 23.80 23.73 23.84 23.94 23.96 23.93 24.03 24.21 24.29 24.29 25.36 25.68 25.19 25.24 25.31 25.42 25.51 25.41 25.37 25.27 25.41 25.18 25.18 25.00 25.17 25.48 25.50 25.54 25.89 26.40 26.34 26.41 26.72 26.45 26.21 26.50 26.74 26.98 26.94 26.89 26.90 26.91 27.47 27.45 27.40 27.26 27.23 27.08 27.75 27.89 27.97 27.96 28.04 27.82 27.95 27.97 27.81 27.84 27.87 27.86 28.05 28.23 28.33 28.29 28.25 28.36 28.46 28.49 28.77 28.75 28.86 28.84 28.73 29.07 29.01 29.49 29.52 29.52 29.36 29.08 29.00 29.17 28.97 28.73 28.94 28.74 28.60 28.46 29.01 29.14 29.04 29.15 29.67 29.79
ORCL 363724 1
14.87 15.07 14.97 14.73 14.81 14.77 14.62 14.62 14.80 14.95 15.13 14.99 15.29 15.72 15.54 15.81 15.71 15.64 15.48 15.32 15.38 15.41 15.54 15.52 15.76 15.66 15.50 15.84 15.62 16.01 15.91 16.29 16.30 16.39 16.47 16.33 16.25 16.13 17.93 18.08 17.54 17.97 18.19 17.93 17.99 17.74 17.66 17.90 18.17 18.26 18.19 18.55 18.74 18.58 18.99 19.07 18.99 18.63 18.74 18.87 18.98 19.15 18.89 18.62 18.72 18.10 18.52 18.47 18.47 18.27 17.78 18.10 18.20 18.36 18.54 18.78 19.18 19.17 19.12 19.10 19.46 19.48 19.48 19.66 19.60 18.92 18.90 19.15 19.05 18.81 19.28 18.86 17.88 17.50 17.80 18.07 17.99 18.02 18.02 17.68
AMD 513080 6
18.06 19.10 19.39 19.10 19.60 20.45 20.47 20.22 20.12 19.85 20.01 19.78 19.87 20.87 22.57 24.20 23.93 23.40 24.88 24.90 24.76 24.56 23.92 24.40 25.03 24.99 24.66 26.22 24.53 24.59 25.80 25.66 26.48 27.15 27.02 26.53 27.32 26.93 27.38 26.98 26.21 26.77 25.99 25.32 25.07 24.85 24.81 24.13 25.03 25.11 24.01 23.00 23.14 24.27 24.69 25.23 25.38 24.48 24.23 21.01 20.12 20.24 20.32 20.83 21.50 20.86 21.32 21.27 20.73 20.85 20.88 21.39 21.56 21.25 20.89 21.07 21.20 21.34 21.71 21.74 21.45 21.44 21.24 21.77 21.80 21.83 21.93 21.41 21.57 20.69 21.04 21.34 21.49 21.05 20.93 20.69 20.47 20.17 22.71 22.12
INTC 625836 3
16.95 17.64 17.47 17.14 17.07 16.92 17.07 16.91 16.94 16.98 17.32 16.99 17.44 17.70 18.16 18.12 17.96 17.81 17.90 17.94 18.12 18.45 18.92 19.21 19.36 19.10 19.40 19.51 18.85 18.76 18.98 18.94 19.28 19.36 19.31 19.04 19.18 18.95 19.02 18.73 18.61 18.95 19.48 19.90 20.27 20.08 19.95 20.08 20.32 20.28 20.14 20.13 20.39 20.39 20.98 21.08 21.09 20.40 20.60 20.53 20.82 20.94 21.10 21.20 21.25 20.59 20.75 20.83 20.52 20.18 20.12 20.42 20.40 20.31 20.03 20.18 20.60 21.46 21.89 21.90 21.68 21.84 21.16 21.31 21.18 20.62 20.58 20.83 20.99 20.53 20.81 20.71 20.50 20.25 20.28 20.30 20.33 20.30 20.37 20.56
T 186428 4
28.32 28.68 28.61 28.39 29.18 29.48 29.55 29.38 29.30 28.85 28.83 28.83 28.61 28.97 28.86 29.05 29.11 29.16 29.15 29.08 29.07 29.22 29.55 29.83 29.76 29.70 30.16 30.25 30.11 29.84 29.91 30.15 30.43 30.40 30.77 30.40 29.97 30.00 30.59 30.80 31.39 31.95 31.82 31.07 30.88 31.06 30.75 31.05 31.22 30.78 30.63 31.02 31.59 31.77 32.39 32.39 31.80 31.87 31.75 32.53 33.20 33.46 33.48 33.09 33.16 32.98 32.69 33.01 32.54 32.79 32.50 33.06 33.06 33.13 32.21 31.86 31.87 31.77 31.29 31.23 32.00 32.01 31.57 31.49 31.49 31.50 31.63 32.29 32.68 32.77 33.00 33.43 33.52 33.38 33.71 33.91 34.35 34.27 34.37 34.37
68001659.78 100 8 8
PCAR 881608 8
29.28 29.68 29.45 29.88 29.53 29.17 29.15 29.37 29.12 28.69 29.29 29.03 29.62 30.02 29.61 29.88 30.04 29.99 29.98 29.72 29.74 30.00 29.70 30.09 29.72 29.71 29.72 30.19 29.96 29.37 29.49 30.10 29.92 29.88 29.86 29.51 30.37 30.77 30.63 30.11 30.53 30.28 31.26 31.22 30.32 30.74 30.46 30.97 31.97 32.00 32.58 33.41 33.83 33.48 32.78 32.77 32.72 31.96 31.80 32.41 32.03 31.62 31.71 32.37 33.00 32.11 32.52 33.70 33.43 32.40 32.69 32.01 31.50 31.55 31.20 31.44 31.59 32.53 32.51 32.31 32.99 33.64 33.11 33.14 33.13 33.20 33.52 34.74 34.86 35.05 34.39 34.36 33.92 33.81 34.05 33.93 33.17 32.69 32.86 33.14
INSP 1000000 8
18.28 18.30 17.93 18.16 18.03 17.76 17.73 17.52 17.44 17.39 17.94 18.42 18.77 18.67 19.32 18.83 19.12 19.36 20.23 20.39 20.13 20.93 20.18 20.50 20.58 20.79 20.57 20.74 20.57 20.63 20.63 20.28 19.96 19.94 20.14 19.80 20.31 20.37 20.66 20.22 20.21 19.76 20.22 19.84 18.98 18.78 18.45 18.48 18.78 18.91 18.91 18.99 18.86 18.63 18.70 18.55 18.45 18.04 17.85 18.20 17.84 17.06 16.85 17.29 17.23 16.62 16.86 17.03 16.99 16.53 16.53 16.35 16.44 16.84 16.53 16.13 16.27 16.70 16.21 16.26 16.21 16.40 16.39 16.35 16.47 16.14 16.23 17.01 16.86 16.79 17.07 16.72 16.42 16.36 16.42 15.90 15.89 15.58 16.22 16.85
CMCSK 1000000 8
17.63 17.84 17.83 18.23 18.25 18.19 18.01 17.83 17.81 17.57 17.47 17.39 17.70 18.01 18.10 17.95 17.89 17.79 17.67 17.59 17.66 17.76 17.41 17.61 17.61 17.41 17.50 17.61 17.99 18.27 18.35 18.40 18.35 18.19 18.59 18.71 19.20 19.12 19.02 19.10 18.91 19.19 19.40 20.29 20.55 20.07 20.09 19.95 20.20 20.48 20.63 20.99 21.43 21.21 21.29 21.37 21.36 21.11 20.91 20.95 20.83 20.69 20.67 21.17 21.47 21.28 21.33 22.08 22.25 21.67 22.00 22.00 21.81 21.73 21.64 21.55 21.45 21.62 21.77 21.54 21.49 21.57 21.26 21.01 20.99 20.60 21.10 21.72 21.85 21.81 21.47 21.47 21.41 21.21 21.55 21.34 20.97 20.71 21.23 21.26
ORCL 1000000 8
12.46 12.46 12.42 12.81 12.80 12.79 12.77 12.88 12.86 12.84 12.90 12.90 12.96 13.24 13.50 13.60 13.72 13.62 13.99 13.80 13.79 13.84 13.59 13.72 13.78 13.69 13.79 13.84 13.95 13.80 13.75 13.83 13.84 13.78 13.68 13.74 14.00 14.31 14.15 14.28 14.48 14.65 14.72 14.93 14.59 14.58 14.43 14.32 14.29 14.45 14.23 14.11 14.24 13.91 13.98 13.97 14.19 13.85 13.77 13.70 13.55 13.47 13.78 14.07 14.05 14.02 14.22 14.22 14.15 13.86 13.82 13.54 13.53 13.47 13.25 13.15 13.19 13.70 14.19 14.29 14.25 14.53 14.33 14.90 14.67 14.50 14.58 14.74 14.49 14.81 14.57 14.50 14.78 14.59 14.54 14.22 14.10 14.29 14.42 14.72
YHOO 776728 8
33.01 32.74 32.06 32.18 31.70 31.45 31.57 31.43 30.99 30.28 30.58 30.15 30.99 30.53 30.13 30.07 30.44 30.11 30.75 31.83 31.77 31.45 32.39 32.56 32.42 32.26 31.89 32.10 32.11 32.79 32.27 32.55 31.39 31.10 31.13 30.97 31.30 33.54 33.37 32.89 33.01 31.99 33.00 33.20 32.78 32.08 31.85 32.17 32.19 32.66 32.87 32.49 32.09 30.99 30.81 31.03 30.97 30.11 29.00 29.53 30.46 30.76 31.79 32.92 33.02 32.00 31.59 31.99 31.52 30.82 30.70 30.54 30.45 30.37 29.78 29.65 29.62 30.79 30.36 30.35 30.60 31.06 30.68 31.37 31.55 31.51 31.92 32.97 33.00 33.30 32.47 33.11 32.50 32.85 33.17 33.38 32.23 32.08 31.84 32.24
RFMD 1000000 8
6.83 6.79 6.73 7.25 7.24 7.56 7.55 7.48 7.71 7.45 7.26 7.60 7.67 7.95 7.78 7.67 7.83 7.83 7.86 8.23 8.14 8.30 8.16 8.32 8.73 8.65 8.69 8.70 8.40 8.53 8.37 8.09 7.73 8.28 8.39 8.04 8.26 8.72 8.63 8.40 8.23 8.28 9.44 9.27 9.30 9.16 9.20 9.18 9.28 9.26 9.14 9.05 8.93 8.30 8.49 8.08 8.09 8.01 7.50 7.66 7.42 7.17 7.44 7.50 7.52 7.17 7.25 7.64 7.61 7.31 7.08 7.14 7.09 7.05 6.59 6.22 6.20 6.63 6.25 6.17 6.13 6.38 6.19 6.13 6.15 6.02 5.78 5.90 5.97 6.06 6.01 6.07 5.87 5.64 5.96 5.70 5.51 5.53 5.38 5.50
ADBE 929674 8
38.34 39.19 38.55 39.04 38.81 39.05 38.43 38.11 37.78 37.44 37.21 37.14 37.40 37.08 35.93 35.98 36.55 36.35 36.62 36.33 36.49 35.79 35.52 35.95 35.31 34.95 35.70 36.21 35.99 36.10 36.95 37.50 37.28 36.97 36.83 36.89 37.35 37.57 37.68 37.46 37.20 37.66 38.15 39.45 39.20 38.17 38.35 35.06 34.32 34.18 33.69 33.24 33.38 32.63 31.92 32.19 32.30 31.20 30.17 30.31 29.91 29.02 29.27 29.14 28.98 28.35 28.63 28.72 29.00 29.47 29.84 28.82 27.85 27.99 28.84 28.98 28.57 28.96 29.12 28.78 29.53 29.88 30.79 30.60 30.69 29.94 30.06 30.40 30.36 30.64 29.86 29.59 29.42 29.26 29.55 28.56 28.10 28.01 27.59 27.69
AMAT 1000000 8
18.42 18.02 17.95 18.47 18.63 18.24 18.18 17.96 17.52 17.34 17.43 17.56 17.99 18.19 17.34 17.13 17.13 17.15 17.31 17.24 17.57 17.49 17.05 17.23 17.41 17.15 17.44 17.40 17.89 18.05 17.67 17.33 17.15 17.06 17.74 17.29 17.77 17.96 18.20 17.69 17.52 17.50 17.54 17.97 17.58 17.26 17.33 17.69 18.17 18.66 18.52 18.23 17.82 17.74 17.72 17.39 17.54 16.63 16.48 16.70 16.57 15.97 16.50 16.43 16.61 16.42 16.61 16.86 16.74 16.32 16.22 16.08 16.32 16.18 15.94 15.86 16.15 16.53 16.01 16.02 16.16 16.45 16.26 15.85 15.93 15.66 15.79 16.26 15.99 16.24 15.92 16.09 15.80 15.51 15.86 15.40 15.19 15.15 15.19 15.22
12.1 5 2 5
AAAAA 42 2
5.62 9.81 9.54 2.88 0.84
BBBBB 1 5
0.82 5.77 8.0 1.61 4.83
100000000.00 100 8 5
RMBWX 1000000 1
100.00 109.09 118.17 127.26 136.34 145.43 154.52 163.60 172.69 181.77 190.86 199.95 209.03 218.12 227.20 236.29 245.38 254.46 263.55 272.64 281.72 290.81 299.89 308.98 318.07 327.15 336.24 345.32 354.41 363.50 372.58 381.67 390.75 399.84 408.93 418.01 427.10 436.18 445.27 454.36 463.44 472.53 481.61 490.70 499.79 508.87 517.96 527.04 536.13 545.22 554.30 563.39 572.48 581.56 590.65 599.73 608.82 617.91 626.99 636.08 645.16 654.25 663.34 672.42 681.51 690.59 699.68 708.77 717.85 726.94 736.02 745.11 754.20 763.28 772.37 781.45 790.54 799.63 808.71 817.80 826.88 835.97 845.06 854.14 863.23 872.32 881.40 890.49 899.57 908.66 917.75 926.83 935.92 945.00 954.09 963.18 972.26 981.35 990.43 999.52
QIMAB 1000000 1
100.00 109.09 118.18 127.27 136.36 145.45 154.54 163.64 172.73 181.82 190.91 200.00 209.09 218.18 227.27 236.36 245.45 254.54 263.63 272.73 281.82 290.91 300.00 309.09 318.18 327.27 336.36 345.45 354.54 363.63 372.72 381.82 390.91 400.00 409.09 418.18 427.27 436.36 445.45 454.54 463.63 472.72 481.81 490.90 500.00 509.09 518.18 527.27 536.36 545.45 554.54 563.63 572.72 581.81 590.90 599.99 609.09 618.18 627.27 636.36 645.45 654.54 663.63 672.72 681.81 690.90 699.99 709.08 718.17 727.27 736.36 745.45 754.54 763.63 772.72 781.81 790.90 799.99 809.08 818.17 827.26 836.36 845.45 854.54 863.63 872.72 881.81 890.90 899.99 909.08 918.17 927.26 936.35 945.45 954.54 963.63 972.72 981.81 990.90 999.99
ENIPV 1000000 1
100.00 109.08 118.16 127.24 136.32 145.40 154.49 163.57 172.65 181.73 190.81 199.89 208.97 218.05 227.13 236.21 245.29 254.38 263.46 272.54 281.62 290.70 299.78 308.86 317.94 327.02 336.10 345.18 354.27 363.35 372.43 381.51 390.59 399.67 408.75 417.83 426.91 435.99 445.07 454.16 463.24 472.32 481.40 490.48 499.56 508.64 517.72 526.80 535.88 544.96 554.05 563.13 572.21 581.29 590.37 599.45 608.53 617.61 626.69 635.77 644.85 653.94 663.02 672.10 681.18 690.26 699.34 708.42 717.50 726.58 735.66 744.74 753.83 762.91 771.99 781.07 790.15 799.23 808.31 817.39 826.47 835.55 844.63 853.72 862.80 871.88 880.96 890.04 899.12 908.20 917.28 926.36 935.44 944.52 953.61 962.69 971.77 980.85 989.93 999.01
JAH 1000000 1
100.00 109.09 118.18 127.26 136.35 145.44 154.53 163.62 172.71 181.79 190.88 199.97 209.06 218.15 227.24 236.32 245.41 254.50 263.59 272.68 281.77 290.85 299.94 309.03 318.12 327.21 336.30 345.38 354.47 363.56 372.65 381.74 390.83 399.91 409.00 418.09 427.18 436.27 445.35 454.44 463.53 472.62 481.71 490.80 499.88 508.97 518.06 527.15 536.24 545.33 554.41 563.50 572.59 581.68 590.77 599.86 608.94 618.03 627.12 636.21 645.30 654.39 663.47 672.56 681.65 690.74 699.83 708.91 718.00 727.09 736.18 745.27 754.36 763.44 772.53 781.62 790.71 799.80 808.89 817.97 827.06 836.15 845.24 854.33 863.42 872.50 881.59 890.68 899.77 908.86 917.95 927.03 936.12 945.21 954.30 963.39 972.48 981.56 990.65 999.74
HHLHY 1000000 1
100.00 109.09 118.18 127.26 136.35 145.44 154.53 163.62 172.71 181.79 190.88 199.97 209.06 218.15 227.24 236.32 245.41 254.50 263.59 272.68 281.77 290.85 299.94 309.03 318.12 327.21 336.30 345.38 354.47 363.56 372.65 381.74 390.83 399.91 409.00 418.09 427.18 436.27 445.35 454.44 463.53 472.62 481.71 490.80 499.88 508.97 518.06 527.15 536.24 545.33 554.41 563.50 572.59 581.68 590.77 599.86 608.94 618.03 627.12 636.21 645.30 654.39 663.47 672.56 681.65 690.74 699.83 708.91 718.00 727.09 736.18 745.27 754.36 763.44 772.53 781.62 790.71 799.80 808.89 817.97 827.06 836.15 845.24 854.33 863.42 872.50 881.59 890.68 899.77 908.86 917.95 927.03 936.12 945.21 954.30 963.39 972.48 981.56 990.65 999.74
KSZ 1000000 1
100.00 109.09 118.17 127.26 136.35 145.44 154.52 163.61 172.70 181.78 190.87 199.96 209.04 218.13 227.22 236.31 245.39 254.48 263.57 272.65 281.74 290.83 299.92 309.00 318.09 327.18 336.26 345.35 354.44 363.53 372.61 381.70 390.79 399.87 408.96 418.05 427.13 436.22 445.31 454.40 463.48 472.57 481.66 490.74 499.83 508.92 518.01 527.09 536.18 545.27 554.35 563.44 572.53 581.61 590.70 599.79 608.88 617.96 627.05 636.14 645.22 654.31 663.40 672.49 681.57 690.66 699.75 708.83 717.92 727.01 736.09 745.18 754.27 763.36 772.44 781.53 790.62 799.70 808.79 817.88 826.97 836.05 845.14 854.23 863.31 872.40 881.49 890.58 899.66 908.75 917.84 926.92 936.01 945.10 954.18 963.27 972.36 981.45 990.53 999.62
GDVI 1000000 1
100.00 109.08 118.16 127.24 136.32 145.41 154.49 163.57 172.65 181.73 190.81 199.89 208.97 218.05 227.14 236.22 245.30 254.38 263.46 272.54 281.62 290.70 299.78 308.87 317.95 327.03 336.11 345.19 354.27 363.35 372.43 381.51 390.60 399.68 408.76 417.84 426.92 436.00 445.08 454.16 463.24 472.33 481.41 490.49 499.57 508.65 517.73 526.81 535.89 544.97 554.06 563.14 572.22 581.30 590.38 599.46 608.54 617.62 626.70 635.79 644.87 653.95 663.03 672.11 681.19 690.27 699.35 708.43 717.52 726.60 735.68 744.76 753.84 762.92 772.00 781.08 790.16 799.25 808.33 817.41 826.49 835.57 844.65 853.73 862.81 871.89 880.98 890.06 899.14 908.22 917.30 926.38 935.46 944.54 953.62 962.71 971.79 980.87 989.95 999.03
HJZOV 1000000 1
100.00 109.09 118.18 127.26 136.35 145.44 154.53 163.61 172.70 181.79 190.88 199.96 209.05 218.14 227.23 236.32 245.40 254.49 263.58 272.67 281.75 290.84 299.93 309.02 318.10 327.19 336.28 345.37 354.45 363.54 372.63 381.72 390.81 399.89 408.98 418.07 427.16 436.24 445.33 454.42 463.51 472.59 481.68 490.77 499.86 508.95 518.03 527.12 536.21 545.30 554.38 563.47 572.56 581.65 590.73 599.82 608.91 618.00 627.09 636.17 645.26 654.35 663.44 672.52 681.61 690.70 699.79 708.87 717.96 727.05 736.14 745.23 754.31 763.40 772.49 781.58 790.66 799.75 808.84 817.93 827.01 836.10 845.19 854.28 863.36 872.45 881.54 890.63 899.72 908.80 917.89 926.98 936.07 945.15 954.24 963.33 972.42 981.50 990.59 999.68
100000000.00 100 8 5
NFYJ 1000000 1
20.00 21.82 23.64 25.45 27.27 29.09 30.91 32.73 34.55 36.36 38.18 40.00 41.82 43.64 45.45 47.27 49.09 50.91 52.73 54.55 56.36 58.18 60.00 61.82 63.64 65.45 67.27 69.09 70.91 72.73 74.55 76.36 78.18 80.00 81.82 83.64 85.45 87.27 89.09 90.91 92.73 94.55 96.36 98.18 100.00 101.82 103.64 105.45 107.27 109.09 110.91 112.73 114.55 116.36 118.18 120.00 121.82 123.64 125.45 127.27 129.09 130.91 132.73 134.55 136.36 138.18 140.00 141.82 143.64 145.45 147.27 149.09 150.91 152.73 154.55 156.36 158.18 160.00 161.82 163.64 165.45 167.27 169.09 170.91 172.73 174.55 176.36 178.18 180.00 181.82 183.64 185.45 187.27 189.09 190.91 192.73 194.55 196.36 198.18 200.00
QGB 1000000 1
20.00 21.82 23.64 25.45 27.27 29.09 30.91 32.73 34.55 36.36 38.18 40.00 41.82 43.64 45.45 47.27 49.09 50.91 52.73 54.55 56.36 58.18 60.00 61.82 63.64 65.45 67.27 69.09 70.91 72.73 74.55 76.36 78.18 80.00 81.82 83.64 85.45 87.27 89.09 90.91 92.73 94.55 96.36 98.18 100.00 101.82 103.64 105.45 107.27 109.09 110.91 112.73 114.55 116.36 118.18 120.00 121.82 123.64 125.45 127.27 129.09 130.91 132.73 134.55 136.36 138.18 140.00 141.82 143.64 145.45 147.27 149.09 150.91 152.73 154.55 156.36 158.18 160.00 161.82 163.64 165.45 167.27 169.09 170.91 172.73 174.55 176.36 178.18 180.00 181.82 183.64 185.45 187.27 189.09 190.91 192.73 194.55 196.36 198.18 200.00
CNETM 1000000 1
20.00 21.82 23.64 25.45 27.27 29.09 30.91 32.73 34.55 36.36 38.18 40.00 41.82 43.64 45.45 47.27 49.09 50.91 52.73 54.55 56.36 58.18 60.00 61.82 63.64 65.45 67.27 69.09 70.91 72.73 74.55 76.36 78.18 80.00 81.82 83.64 85.45 87.27 89.09 90.91 92.73 94.55 96.36 98.18 100.00 101.82 103.64 105.45 107.27 109.09 110.91 112.73 114.55 116.36 118.18 120.00 121.82 123.64 125.45 127.27 129.09 130.91 132.73 134.55 136.36 138.18 140.00 141.82 143.64 145.45 147.27 149.09 150.91 152.73 154.55 156.36 158.18 160.00 161.82 163.64 165.45 167.27 169.09 170.91 172.73 174.55 176.36 178.18 180.00 181.82 183.64 185.45 187.27 189.09 190.91 192.73 194.55 196.36 198.18 200.00
EWVEG 1000000 1
20.00 21.82 23.64 25.45 27.27 29.09 30.91 32.73 34.55 36.36 38.18 40.00 41.82 43.64 45.45 47.27 49.09 50.91 52.73 54.55 56.36 58.18 60.00 61.82 63.64 65.45 67.27 69.09 70.91 72.73 74.55 76.36 78.18 80.00 81.82 83.64 85.45 87.27 89.09 90.91 92.73 94.55 96.36 98.18 100.00 101.82 103.64 105.45 107.27 109.09 110.91 112.73 114.55 116.36 118.18 120.00 121.82 123.64 125.45 127.27 129.09 130.91 132.73 134.55 136.36 138.18 140.00 141.82 143.64 145.45 147.27 149.09 150.91 152.73 154.55 156.36 158.18 160.00 161.82 163.64 165.45 167.27 169.09 170.91 172.73 174.55 176.36 178.18 180.00 181.82 183.64 185.45 187.27 189.09 190.91 192.73 194.55 196.36 198.18 200.00
HKZIY 1000000 1
20.00 21.82 23.64 25.45 27.27 29.09 30.91 32.73 34.55 36.36 38.18 40.00 41.82 43.64 45.45 47.27 49.09 50.91 52.73 54.55 56.36 58.18 60.00 61.82 63.64 65.45 67.27 69.09 70.91 72.73 74.55 76.36 78.18 80.00 81.82 83.64 85.45 87.27 89.09 90.91 92.73 94.55 96.36 98.18 100.00 101.82 103.64 105.45 107.27 109.09 110.91 112.73 114.55 116.36 118.18 120.00 121.82 123.64 125.45 127.27 129.09 130.91 132.73 134.55 136.36 138.18 140.00 141.82 143.64 145.45 147.27 149.09 150.91 152.73 154.55 156.36 158.18 160.00 161.82 163.64 165.45 167.27 169.09 170.91 172.73 174.55 176.36 178.18 180.00 181.82 183.64 185.45 187.27 189.09 190.91 192.73 194.55 196.36 198.18 200.00
NQRDB 1000000 1
20.00 21.82 23.64 25.45 27.27 29.09 30.91 32.73 34.55 36.36 38.18 40.00 41.82 43.64 45.45 47.27 49.09 50.91 52.73 54.55 56.36 58.18 60.00 61.82 63.64 65.45 67.27 69.09 70.91 72.73 74.55 76.36 78.18 80.00 81.82 83.64 85.45 87.27 89.09 90.91 92.73 94.55 96.36 98.18 100.00 101.82 103.64 105.45 107.27 109.09 110.91 112.73 114.55 116.36 118.18 120.00 121.82 123.64 125.45 127.27 129.09 130.91 132.73 134.55 136.36 138.18 140.00 141.82 143.64 145.45 147.27 149.09 150.91 152.73 154.55 156.36 158.18 160.00 161.82 163.64 165.45 167.27 169.09 170.91 172.73 174.55 176.36 178.18 180.00 181.82 183.64 185.45 187.27 189.09 190.91 192.73 194.55 196.36 198.18 200.00
VRZ 1000000 1
20.00 21.82 23.64 25.45 27.27 29.09 30.91 32.73 34.55 36.36 38.18 40.00 41.82 43.64 45.45 47.27 49.09 50.91 52.73 54.55 56.36 58.18 60.00 61.82 63.64 65.45 67.27 69.09 70.91 72.73 74.55 76.36 78.18 80.00 81.82 83.64 85.45 87.27 89.09 90.91 92.73 94.55 96.36 98.18 100.00 101.82 103.64 105.45 107.27 109.09 110.91 112.73 114.55 116.36 118.18 120.00 121.82 123.64 125.45 127.27 129.09 130.91 132.73 134.55 136.36 138.18 140.00 141.82 143.64 145.45 147.27 149.09 150.91 152.73 154.55 156.36 158.18 160.00 161.82 163.64 165.45 167.27 169.09 170.91 172.73 174.55 176.36 178.18 180.00 181.82 183.64 185.45 187.27 189.09 190.91 192.73 194.55 196.36 198.18 200.00
YPF 1000000 1
20.00 21.82 23.64 25.45 27.27 29.09 30.91 32.73 34.55 36.36 38.18 40.00 41.82 43.64 45.45 47.27 49.09 50.91 52.73 54.55 56.36 58.18 60.00 61.82 63.64 65.45 67.27 69.09 70.91 72.73 74.55 76.36 78.18 80.00 81.82 83.64 85.45 87.27 89.09 90.91 92.73 94.55 96.36 98.18 100.00 101.82 103.64 105.45 107.27 109.09 110.91 112.73 114.55 116.36 118.18 120.00 121.82 123.64 125.45 127.27 129.09 130.91 132.73 134.55 136.36 138.18 140.00 141.82 143.64 145.45 147.27 149.09 150.91 152.73 154.55 156.36 158.18 160.00 161.82 163.64 165.45 167.27 169.09 170.91 172.73 174.55 176.36 178.18 180.00 181.82 183.64 185.45 187.27 189.09 190.91 192.73 194.55 196.36 198.18 200.00
100000000.00 100 8 5
BQY 1000000 1
20 21.82 23.64 25.45 27.27 29.09 30.91 32.73 34.55 36.36 38.18 40.00 41.82 43.64 45.45 47.27 49.09 50.91 52.73 54.55 56.36 58.18 60.00 61.82 63.64 65.45 67.27 69.09 70.91 72.73 74.55 76.36 78.18 80.00 81.82 83.64 85.45 87.27 89.09 90.91 92.73 94.55 96.36 98.18 100.00 101.82 103.64 105.45 107.27 109.09 110.91 112.73 114.55 116.36 118.18 120.00 121.82 123.64 125.45 127.27 129.09 130.91 132.73 134.55 136.36 138.18 140.00 141.82 143.64 145.45 147.27 149.09 150.91 152.73 154.55 156.36 158.18 160.00 161.82 163.64 165.45 167.27 169.09 170.91 172.73 174.55 176.36 178.18 180.00 181.82 183.64 185.45 187.27 189.09 190.91 192.73 194.55 196.36 198.18 200
KITCC 1000000 1
20 20 20 20 20 21.91 23.83 25.74 27.66 29.57 31.49 33.40 35.32 37.23 39.15 41.06 42.98 44.89 46.81 48.72 50.64 52.55 54.47 56.38 58.30 60.21 62.13 64.04 65.96 67.87 69.79 71.70 73.62 75.53 77.45 79.36 81.28 83.19 85.11 87.02 88.94 90.85 92.77 94.68 96.60 98.51 100.43 102.34 104.26 106.17 108.09 110.00 111.91 113.83 115.74 117.66 119.57 121.49 123.40 125.32 127.23 129.15 131.06 132.98 134.89 136.81 138.72 140.64 142.55 144.47 146.38 148.30 150.21 152.13 154.04 155.96 157.87 159.79 161.70 163.62 165.53 167.45 169.36 171.28 173.19 175.11 177.02 178.94 180.85 182.77 184.68 186.60 188.51 190.43 192.34 194.26 196.17 198.09 200 200
TIABK 1000000 1
20 20 20 20 21.91 23.83 25.74 27.66 29.57 31.49 33.40 35.32 37.23 39.15 41.06 42.98 44.89 46.81 48.72 50.64 52.55 54.47 56.38 58.30 60.21 62.13 64.04 65.96 67.87 69.79 71.70 73.62 75.53 77.45 79.36 81.28 83.19 85.11 87.02 88.94 90.85 92.77 94.68 96.60 98.51 100.43 102.34 104.26 106.17 108.09 110.00 111.91 113.83 115.74 117.66 119.57 121.49 123.40 125.32 127.23 129.15 131.06 132.98 134.89 136.81 138.72 140.64 142.55 144.47 146.38 148.30 150.21 152.13 154.04 155.96 157.87 159.79 161.70 163.62 165.53 167.45 169.36 171.28 173.19 175.11 177.02 178.94 180.85 182.77 184.68 186.60 188.51 190.43 192.34 194.26 196.17 198.09 200 200 200
HTF 1000000 1
20 21.82 23.64 25.45 27.27 29.09 30.91 32.73 34.55 36.36 38.18 40.00 41.82 43.64 45.45 47.27 49.09 50.91 52.73 54.55 56.36 58.18 60.00 61.82 63.64 65.45 67.27 69.09 70.91 72.73 74.55 76.36 78.18 80.00 81.82 83.64 85.45 87.27 89.09 90.91 92.73 94.55 96.36 98.18 100.00 101.82 103.64 105.45 107.27 109.09 110.91 112.73 114.55 116.36 118.18 120.00 121.82 123.64 125.45 127.27 129.09 130.91 132.73 134.55 136.36 138.18 140.00 141.82 143.64 145.45 147.27 149.09 150.91 152.73 154.55 156.36 158.18 160.00 161.82 163.64 165.45 167.27 169.09 170.91 172.73 174.55 176.36 178.18 180.00 181.82 183.64 185.45 187.27 189.09 190.91 192.73 194.55 196.36 198.18 200
QSCN 1000000 1
20 21.82 23.64 25.45 27.27 29.09 30.91 32.73 34.55 36.36 38.18 40.00 41.82 43.64 45.45 47.27 49.09 50.91 52.73 54.55 56.36 58.18 60.00 61.82 63.64 65.45 67.27 69.09 70.91 72.73 74.55 76.36 78.18 80.00 81.82 83.64 85.45 87.27 89.09 90.91 92.73 94.55 96.36 98.18 100.00 101.82 103.64 105.45 107.27 109.09 110.91 112.73 114.55 116.36 118.18 120.00 121.82 123.64 125.45 127.27 129.09 130.91 132.73 134.55 136.36 138.18 140.00 141.82 143.64 145.45 147.27 149.09 150.91 152.73 154.55 156.36 158.18 160.00 161.82 163.64 165.45 167.27 169.09 170.91 172.73 174.55 176.36 178.18 180.00 181.82 183.64 185.45 187.27 189.09 190.91 192.73 194.55 196.36 198.18 200
YUBG 1000000 1
20 21.82 23.64 25.45 27.27 29.09 30.91 32.73 34.55 36.36 38.18 40.00 41.82 43.64 45.45 47.27 49.09 50.91 52.73 54.55 56.36 58.18 60.00 61.82 63.64 65.45 67.27 69.09 70.91 72.73 74.55 76.36 78.18 80.00 81.82 83.64 85.45 87.27 89.09 90.91 92.73 94.55 96.36 98.18 100.00 101.82 103.64 105.45 107.27 109.09 110.91 112.73 114.55 116.36 118.18 120.00 121.82 123.64 125.45 127.27 129.09 130.91 132.73 134.55 136.36 138.18 140.00 141.82 143.64 145.45 147.27 149.09 150.91 152.73 154.55 156.36 158.18 160.00 161.82 163.64 165.45 167.27 169.09 170.91 172.73 174.55 176.36 178.18 180.00 181.82 183.64 185.45 187.27 189.09 190.91 192.73 194.55 196.36 198.18 200
OQTID 1000000 1
20 20 21.91 23.83 25.74 27.66 29.57 31.49 33.40 35.32 37.23 39.15 41.06 42.98 44.89 46.81 48.72 50.64 52.55 54.47 56.38 58.30 60.21 62.13 64.04 65.96 67.87 69.79 71.70 73.62 75.53 77.45 79.36 81.28 83.19 85.11 87.02 88.94 90.85 92.77 94.68 96.60 98.51 100.43 102.34 104.26 106.17 108.09 110.00 111.91 113.83 115.74 117.66 119.57 121.49 123.40 125.32 127.23 129.15 131.06 132.98 134.89 136.81 138.72 140.64 142.55 144.47 146.38 148.30 150.21 152.13 154.04 155.96 157.87 159.79 161.70 163.62 165.53 167.45 169.36 171.28 173.19 175.11 177.02 178.94 180.85 182.77 184.68 186.60 188.51 190.43 192.34 194.26 196.17 198.09 200 200 200 200 200
PED 1000000 1
20 20 20 21.91 23.83 25.74 27.66 29.57 31.49 33.40 35.32 37.23 39.15 41.06 42.98 44.89 46.81 48.72 50.64 52.55 54.47 56.38 58.30 60.21 62.13 64.04 65.96 67.87 69.79 71.70 73.62 75.53 77.45 79.36 81.28 83.19 85.11 87.02 88.94 90.85 92.77 94.68 96.60 98.51 100.43 102.34 104.26 106.17 108.09 110.00 111.91 113.83 115.74 117.66 119.57 121.49 123.40 125.32 127.23 129.15 131.06 132.98 134.89 136.81 138.72 140.64 142.55 144.47 146.38 148.30 150.21 152.13 154.04 155.96 157.87 159.79 161.70 163.62 165.53 167.45 169.36 171.28 173.19 175.11 177.02 178.94 180.85 182.77 184.68 186.60 188.51 190.43 192.34 194.26 196.17 198.09 200 200 200 200
333.33 100 8 8
YIG 1 8
152.09 198.75 935.70 780.51 264.03 525.08 28.48 689.56 733.35 983.41 334.60 572.78 313.84 714.36 166.30 786.93 517.42 669.06 986.03 928.29 495.30 201.89 307.60 25.56 439.47 265.69 609.87 796.06 301.64 193.97 185.12 574.97 876.43 304.33 93.80 776.57 545.71 807.61 647.62 997.32 230.91 757.03 92.87 119.74 350.25 21.74 415.74 26.72 827.69 519.21 441.66 785.53 450.58 190.77 650.38 410.99 122.73 454.63 378.85 566.98 809.90 120.88 333.54 815.99 224.63 2.78 584.34 275.73 546.99 708.63 461.69 792.42 728.62 348.82 28.90 990.07 176.41 142.14 51.61 805.08 863.06 156.01 636.17 365.55 161.28 664.77 958.77 324.71 948.41 860.60 757.40 7.91 778.52 901.28 508.22 982.25 168.71 529.30 458.50 908.72
YMVRK 1 8
884.64 259.98 847.28 431.87 320.15 462.63 301.53 485.35 384.67 199.31 199.05 761.27 294.76 346.59 641.16 108.78 758.85 509.77 720.52 71.92 651.20 580.44 246.39 203.52 18.95 959.06 795.07 5.10 218.99 427.00 7.53 102.06 231.68 902.31 305.83 513.68 448.07 563.72 450.46 127.17 477.76 77.08 610.37 735.18 774.03 908.81 867.50 246.24 123.36 960.66 327.83 927.29 295.88 9.98 260.72 788.02 404.09 690.17 938.45 465.93 766.22 995.51 97.84 221.98 321.51 544.79 195.77 905.77 894.03 88.04 880.57 0.03 852.07 990.83 351.14 103.34 959.87 680.61 525.49 460.90 468.64 289.09 190.93 402.47 743.65 975.47 557.38 796.87 974.45 664.74 886.06 882.47 764.83 185.17 115.11 83.11 649.62 39.84 654.18 668.59
HYKE 1 8
834.68 79.25 292.76 173.47 190.68 335.70 557.87 416.04 3.39 471.61 965.65 927.33 76.87 200.53 299.54 452.27 25.18 789.64 630.48 771.28 628.16 276.70 589.45 999.83 16.54 832.55 367.30 525.56 45.31 65.99 426.66 505.09 465.12 317.85 160.05 92.22 750.79 241.34 978.70 819.47 696.49 215.26 566.43 804.80 136.88 387.16 282.84 705.40 403.52 393.28 950.40 590.41 376.18 52.04 509.67 154.56 238.07 578.13 277.02 944.32 294.67 113.94 789.33 518.83 465.37 625.24 469.92 717.09 307.28 458.00 600.17 453.61 680.78 103.23 331.21 714.17 415.90 966.69 719.92 673.69 589.12 190.41 23.89 108.03 269.93 822.66 739.34 521.61 846.40 883.73 116.79 662.73 289.35 123.84 138.44 348.50 964.21 520.34 191.99 771.09
HNXVJ 1 8
968.56 988.99 265.85 273.71 432.34 78.20 101.60 91.58 169.56 264.39 836.67 306.17 531.18 479.81 769.74 347.99 106.07 600.20 686.48 930.37 135.50 954.76 596.86 673.23 319.25 794.07 262.40 676.90 372.67 512.98 497.89 968.16 944.08 675.17 481.83 990.16 751.96 136.41 560.16 558.20 51.16 813.23 277.38 953.10 787.61 894.16 619.65 74.29 50.96 540.00 704.25 824.22 684.31 370.36 399.57 146.19 160.69 283.23 610.22 387.25 85.33 404.29 211.57 908.35 933.51 213.16 868.01 113.25 882.97 143.14 219.43 318.33 850.44 201.53 170.23 135.16 91.73 407.29 265.20 287.54 974.55 93.02 386.78 35.02 783.72 367.99 257.89 624.72 667.80 289.26 484.83 443.46 86.83 537.61 124.64 791.73 370.34 645.31 11.17 451.89
VT 1 8
387.72 924.02 951.00 68.13 90.68 266.18 98.29 486.32 85.70 237.13 310.40 223.29 600.62 203.49 306.82 58.68 195.56 25.05 433.12 703.65 92.13 888.72 768.19 23.99 726.35 260.64 822.09 217.25 72.16 690.76 496.74 303.46 532.11 454.42 231.06 538.60 442.53 265.16 502.68 610.35 489.67 543.22 107.88 725.46 583.90 974.08 891.75 948.01 988.84 341.39 850.46 398.16 752.19 868.72 777.36 170.46 735.19 554.45 875.07 81.40 787.64 234.22 5.12 605.37 865.24 355.27 497.20 608.50 136.25 697.08 689.96 739.68 374.22 522.72 624.94 588.26 183.79 895.11 565.84 967.63 856.30 142.89 264.83 934.23 902.25 709.83 147.74 401.27 557.32 872.68 840.20 456.50 808.88 61.37 706.32 743.53 740.02 766.10 322.08 515.98
TY 1 8
955.73 149.75 595.90 64.91 139.36 100.41 807.82 897.17 561.33 500.78 198.71 479.23 22.85 629.95 279.93 697.78 356.65 397.62 79.17 837.47 467.09 481.44 514.84 890.58 66.33 945.93 177.81 902.94 591.30 764.60 629.63 902.83 35.70 917.26 576.85 209.75 681.28 984.51 530.54 169.93 963.15 411.07 810.71 615.54 953.03 859.94 4.71 594.35 195.13 329.35 239.09 166.76 878.97 954.16 874.47 317.17 583.47 663.79 482.45 276.36 76.63 118.41 214.21 802.02 905.38 595.34 920.11 214.05 759.74 747.61 629.60 231.63 845.83 406.31 250.84 909.01 752.00 848.87 599.44 216.72 542.52 205.03 115.77 65.16 63.19 922.26 879.91 817.54 693.23 462.89 784.08 588.85 27.85 654.19 971.42 877.88 225.81 364.02 900.97 329.15
DQQOW 1 8
255.14 181.25 867.27 198.08 721.74 770.87 831.84 770.01 662.08 550.61 494.70 775.35 494.63 495.38 893.34 965.74 548.60 856.47 60.32 134.51 693.76 248.14 143.77 156.93 729.07 528.14 497.72 879.03 14.41 894.14 851.45 402.04 79.94 867.77 917.32 559.03 197.29 88.25 46.52 630.99 147.14 87.49 791.91 598.94 667.30 468.51 487.66 479.05 316.03 159.02 204.66 537.73 734.62 662.09 691.44 433.36 543.83 475.77 159.72 581.71 358.45 103.55 24.11 291.91 654.47 327.45 955.24 469.70 473.11 665.76 855.86 935.03 196.11 187.17 618.95 650.77 876.77 103.25 777.68 409.39 860.98 811.08 406.15 774.53 682.63 308.05 880.59 324.43 467.86 150.45 360.28 493.79 332.51 378.06 97.49 561.39 506.96 76.28 935.99 579.85
JPQH 1 8
326.45 406.97 805.21 2.55 408.76 731.99 32.08 316.57 731.85 384.84 845.50 941.06 698.65 728.44 552.02 618.34 819.24 56.23 83.38 80.15 867.38 561.79 782.37 664.31 401.10 129.90 295.16 463.61 944.61 433.03 991.80 116.25 378.08 68.12 587.09 597.26 332.36 717.54 883.38 620.35 635.50 569.06 807.41 509.39 107.78 478.76 162.93 649.06 252.38 611.70 770.98 873.91 638.33 544.33 919.86 405.36 22.85 63.29 296.38 195.83 509.60 144.80 820.57 789.54 290.21 849.19 55.52 59.29 765.45 114.77 114.28 428.52 93.35 685.43 235.74 438.18 460.80 656.58 451.36 767.64 625.78 373.48 14.47 69.13 526.86 666.50 514.27 224.97 7.09 657.76 846.24 887.07 948.85 623.35 460.85 408.06 366.93 645.58 562.42 523.29
10.00 100 8 8
EKXOU 1 8
705.98 999.38 497.60 149.07 479.10 96.32 286.62 353.17 481.10 446.60 902.49 570.35 333.17 923.45 298.05 248.09 439.39 131.03 162.72 927.03 720.56 511.02 643.18 781.75 5.29 735.41 494.66 314.73 187.57 932.27 397.30 875.59 510.51 541.40 421.89 927.44 585.23 846.72 879.43 232.09 4.64 482.35 38.85 376.05 661.15 459.10 447.22 309.41 128.09 508.49 836.98 819.05 713.73 790.86 854.36 108.51 47.75 264.73 93.50 905.98 309.07 264.13 170.57 772.72 454.94 80.82 822.42 533.29 60.15 598.23 263.90 999.91 626.05 274.13 288.36 412.63 468.72 18.66 845.77 267.06 545.50 764.88 82.65 451.80 829.53 778.53 78.34 867.31 91.35 3.88 761.97 948.03 197.20 992.62 744.42 759.73 283.30 212.72 49.65 593.92
HFTOJ 1 8
318.47 909.35 320.46 804.16 337.36 696.08 800.31 359.35 16.85 231.54 268.54 158.04 812.78 796.84 889.25 563.53 5.24 860.32 94.67 939.77 178.32 914.62 958.06 453.79 919.87 412.41 60.01 343.96 850.23 347.64 581.94 325.93 339.43 279.19 611.85 58.16 522.25 843.67 896.15 838.85 470.58 54.53 522.25 956.28 632.25 933.98 266.08 364.20 896.00 274.99 589.18 604.43 891.63 579.84 519.48 148.38 385.00 472.53 900.24 579.28 877.07 131.49 741.57 287.26 766.48 539.79 658.83 598.90 684.87 599.61 632.34 513.25 864.54 407.78 572.77 466.17 647.68 239.38 426.52 794.88 496.51 36.17 805.53 824.58 113.87 446.85 375.97 748.96 533.46 715.93 489.89 726.62 289.26 968.03 794.64 865.13 23.32 684.68 804.05 14.67
NJDV 1 8
941.91 613.26 51.45 656.70 40.05 419.10 261.13 629.93 642.63 675.68 569.73 339.55 214.11 602.29 309.80 378.70 122.43 799.27 35.54 30.81 96.82 224.03 840.31 44.80 41.91 949.24 585.45 966.15 630.19 812.77 586.83 757.94 344.71 318.41 556.56 696.25 893.76 397.07 846.28 774.43 169.61 887.71 289.18 100.47 172.95 847.30 187.44 21.97 575.11 49.31 242.12 962.97 839.86 280.02 472.31 207.14 76.58 292.09 420.36 111.50 46.77 524.71 190.17 485.32 995.81 949.72 115.34 118.42 231.81 653.12 104.06 693.12 623.21 11.24 957.66 564.52 437.49 571.04 209.70 143.25 192.32 994.00 282.34 865.09 441.45 672.61 7.08 981.99 666.98 879.35 806.53 658.63 699.89 557.10 84.33 109.12 340.93 110.60 619.75 758.03
ROVO 1 8
52.00 396.28 119.56 462.23 642.31 302.33 780.61 213.53 588.96 786.12 951.17 819.52 360.39 228.62 480.16 995.23 634.09 278.84 670.04 289.91 90.55 760.78 498.96 634.98 340.87 249.29 187.54 615.81 472.64 736.72 219.86 13.79 948.29 62.37 177.81 415.94 840.40 26.38 998.40 938.73 638.28 360.16 513.26 363.02 110.19 975.09 379.68 226.98 955.63 161.48 762.70 674.00 232.07 659.47 377.57 102.25 790.39 774.05 751.81 912.86 203.57 955.74 816.55 903.77 922.82 519.07 186.21 105.76 645.78 420.61 736.04 107.86 130.80 268.36 337.00 168.84 942.08 984.61 857.11 661.76 859.74 793.90 788.86 648.39 939.30 458.02 111.89 630.29 455.03 930.03 250.52 773.68 211.36 849.11 235.25 154.69 956.92 548.01 427.84 822.08
UAAA 1 8
759.91 23.07 434.29 414.40 417.54 609.59 18.11 385.40 511.50 171.57 776.20 353.45 422.27 991.00 766.83 600.81 265.94 922.53 383.92 451.40 183.46 27.09 463.25 489.08 869.13 401.98 369.97 682.98 635.29 691.54 489.56 529.62 559.88 12.86 793.93 570.83 514.04 280.89 404.57 897.18 116.35 167.43 324.64 496.05 910.75 178.14 761.97 553.74 315.02 582.22 714.67 71.25 136.52 178.96 741.29 402.68 702.26 135.48 87.55 576.07 900.18 380.34 591.19 505.68 678.24 287.00 37.29 455.31 798.60 631.79 885.34 361.98 893.43 60.65 540.55 879.35 119.38 548.99 590.78 250.18 957.58 589.20 681.25 367.31 956.05 89.95 948.80 632.50 461.25 221.84 187.63 472.51 635.89 693.71 168.27 621.67 309.71 194.02 781.88 530.60
MTASJ 1 8
427.40 487.29 877.78 685.17 244.97 149.61 908.40 666.71 461.87 615.05 315.11 971.77 714.84 368.86 781.70 57.16 227.09 973.02 98.40 525.10 15.45 289.90 217.22 87.60 149.41 964.46 601.28 0.41 358.68 649.97 289.92 76.19 536.34 710.92 351.50 636.05 934.29 388.08 645.84 9.09 98.06 659.71 68.03 438.98 837.61 283.57 695.53 507.31 781.34 753.81 510.65 432.82 309.78 157.40 619.84 855.98 916.13 164.28 142.14 968.38 290.48 635.72 188.31 96.14 674.43 585.19 602.77 96.78 283.19 476.13 390.01 179.04 841.85 91.06 997.50 4.87 532.88 456.29 876.92 182.97 901.56 556.74 995.56 513.41 516.30 825.10 219.81 592.51 430.79 639.87 742.56 637.52 744.67 316.43 976.51 640.35 809.81 325.79 585.08 209.80
OEBZV 1 8
94.93 292.83 983.19 292.13 136.36 174.74 300.68 90.03 532.61 962.40 133.39 36.99 742.12 171.45 926.39 443.09 488.75 39.03 705.06 383.20 636.92 87.24 829.67 157.44 931.08 7.84 356.40 783.75 896.29 352.59 426.67 632.15 446.78 763.71 356.71 559.88 999.41 728.64 349.15 157.00 138.96 93.69 998.57 961.59 131.85 820.80 12.91 754.21 835.63 721.87 822.44 290.69 800.69 154.97 998.55 82.83 611.23 916.85 653.73 86.36 762.42 816.16 244.97 405.44 620.56 661.65 452.42 373.19 263.07 649.76 55.05 617.52 245.30 386.12 975.21 971.74 590.94 25.09 914.15 339.23 552.97 261.88 250.10 871.59 941.90 161.64 120.95 69.68 68.43 59.72 863.47 666.83 597.06 17.73 230.73 403.73 857.86 569.53 59.76 54.19
KQRAM 1 8
921.40 437.26 754.00 330.87 960.32 981.14 441.35 715.52 165.34 124.79 302.40 484.05 69.50 678.83 866.74 415.97 978.37 960.86 421.27 190.64 263.15 448.67 214.01 93.76 330.57 817.25 576.79 318.56 566.43 844.08 388.91 971.10 799.69 916.83 553.29 139.10 83.88 128.03 407.39 633.53 842.75 191.04 240.41 262.50 677.18 661.66 338.92 746.71 379.92 199.80 232.65 635.95 955.39 855.51 62.33 835.78 691.07 613.91 241.53 604.18 577.69 683.17 834.23 127.08 624.74 260.05 320.20 32.50 868.58 757.43 669.83 452.47 119.61 728.08 900.52 492.28 745.66 969.02 536.29 216.17 38.47 541.07 642.67 509.13 959.84 687.68 358.61 424.00 314.78 887.64 97.31 873.31 648.07 525.92 837.95 775.21 411.56 916.97 180.10 12.88
8765.43 100 8 8
EKXOU 8 8
497.60 572.49 777.30 798.74 856.42 907.12 951.80 973.32 997.39 428.54 285.77 21.88 15.36 11.55 6.48 5.64 4.73 0.35 0.10 511.06 825.53 961.92 962.12 989.97 994.93 996.52 997.17 999.80 999.87 124.40 60.90 27.93 16.15 1.18 0.49 0.08 0.01 0.01 0.01 482.35 502.45 689.55 894.80 943.09 968.54 978.27 981.05 990.68 998.48 180.68 51.73 10.82 1.58 1.41 1.35 1.00 0.91 0.09 0.07 264.18 389.68 861.28 924.38 930.49 987.65 994.23 994.57 997.81 998.38 0.09 0.04 0.03 0.03 0.02 0.02 0.02 0.01 0.01 0.01 764.88 784.31 881.75 979.84 995.53 995.88 999.45 999.50 999.50 999.88 51.96 41.72 0.31 0.08 0.02 0.02 0.02 0.02 0.01 0.01 783.83
TOJIX 4 7
337.36 798.61 959.78 974.23 974.66 980.52 985.75 988.00 997.75 202.70 22.45 9.80 9.75 1.37 1.25 0.08 0.07 0.01 0.01 453.79 956.23 974.28 975.82 984.13 997.62 998.44 999.34 999.55 999.70 720.60 279.71 263.45 125.87 19.68 2.05 0.34 0.19 0.18 0.09 956.28 983.92 998.93 999.21 999.49 999.94 999.95 999.97 999.98 999.99 420.16 201.90 171.95 105.75 55.79 5.57 2.35 0.29 0.26 0.07 287.31 833.57 923.40 973.86 989.51 996.69 998.67 999.51 999.76 999.96 592.20 253.01 135.07 47.59 36.20 20.77 4.27 2.15 2.08 0.41 824.65 844.61 914.04 946.35 986.53 993.71 998.21 999.08 999.74 999.81 31.97 6.57 0.89 0.87 0.28 0.06 0.06 0.06 0.04 0.02 543.05
YPBR 1 4
261.13 726.56 902.28 968.30 986.36 990.99 992.91 997.18 998.05 620.09 544.18 109.24 105.36 102.12 92.24 71.58 11.44 10.93 10.48 949.78 979.18 999.29 999.73 999.94 999.97 999.99 999.99 999.99 999.99 303.75 32.27 19.46 3.00 0.68 0.57 0.07 0.05 0.05 0.05 847.31 875.92 878.64 948.43 950.97 962.84 998.62 999.77 999.83 999.91 792.80 732.09 518.26 300.41 266.92 254.44 120.94 97.95 50.42 0.22 949.73 955.52 960.78 969.87 989.54 990.62 997.12 998.91 998.92 999.95 435.46 244.96 105.08 83.05 71.16 57.48 0.35 0.26 0.04 0.03 672.62 674.93 994.14 998.04 999.76 999.95 999.98 999.99 999.99 999.99 890.88 587.16 522.23 198.58 48.06 43.10 8.27 8.16 2.78 2.09 654.25
DMQHU 3 5
786.12 989.55 998.11 998.79 999.06 999.51 999.99 999.99 999.99 329.96 234.31 213.10 50.98 25.55 9.33 6.15 4.62 3.76 1.45 473.40 861.35 891.83 893.32 994.48 994.82 995.74 997.51 999.60 999.61 1.60 0.10 0.04 0.03 0.02 0.02 0.02 0.01 0.01 0.01 955.63 962.79 991.17 997.12 997.78 999.24 999.52 999.56 999.90 999.97 248.19 21.63 17.23 0.77 0.15 0.02 0.01 0.01 0.01 0.01 645.78 794.76 945.82 951.66 957.98 969.25 979.61 983.05 999.01 999.98 142.88 48.33 6.78 1.40 0.30 0.11 0.01 0.01 0.01 0.01 455.03 961.87 971.42 993.53 994.89 999.22 999.40 999.49 999.97 999.98 572.16 101.80 11.67 5.90 3.43 0.95 0.52 0.35 0.02 0.01 30.77
PA 4 5
171.57 814.60 880.12 930.74 999.37 999.85 999.94 999.95 999.99 616.08 337.98 275.98 268.51 144.13 73.64 9.64 5.77 3.64 1.16 635.71 887.63 942.64 973.01 988.12 988.27 997.58 998.96 999.49 999.63 595.22 61.20 54.08 45.03 30.42 15.34 1.37 1.13 0.27 0.13 315.10 713.86 918.35 924.16 934.51 946.22 986.08 991.68 997.52 997.85 910.50 385.99 38.53 23.88 9.77 4.83 1.56 1.12 1.08 0.59 798.72 925.88 991.50 994.57 999.42 999.45 999.74 999.96 999.96 999.98 409.21 306.84 13.02 5.35 1.71 1.09 0.05 0.05 0.01 0.01 461.25 580.76 659.42 820.34 934.58 979.96 983.33 993.69 995.64 996.48 217.36 102.03 55.09 1.02 0.07 0.04 0.03 0.01 0.01 0.01 756.52
GDXR 5 5
315.11 980.66 994.48 996.51 999.23 999.27 999.43 999.98 999.98 474.90 467.57 332.03 259.91 237.15 201.72 7.17 2.86 2.86 1.84 650.61 751.90 770.80 893.72 969.27 980.07 992.74 999.52 999.70 999.89 990.81 893.66 304.11 283.43 159.01 25.83 18.51 5.64 2.78 0.61 753.95 879.59 931.70 952.85 960.27 984.89 997.82 999.81 999.84 999.86 31.61 22.43 8.18 6.64 6.01 1.96 0.82 0.33 0.30 0.22 476.24 680.51 737.71 958.51 962.28 999.90 999.90 999.95 999.97 999.99 817.03 80.43 35.66 0.16 0.08 0.04 0.01 0.01 0.01 0.01 639.87 907.28 966.39 991.41 994.12 999.86 999.94 999.98 999.98 999.99 790.20 95.68 26.30 11.24 3.25 2.46 2.38 0.94 0.41 0.35 46.40
EHCN 10 2
36.99 751.66 794.23 984.85 991.56 995.68 995.84 998.77 999.24 362.81 331.16 56.41 47.53 3.28 3.26 2.10 0.46 0.05 0.04 426.68 789.10 883.32 972.42 982.25 992.18 999.99 999.99 999.99 999.99 861.04 780.38 1.12 0.05 0.05 0.01 0.01 0.01 0.01 0.01 822.44 874.05 974.89 978.78 999.96 999.96 999.98 999.99 999.99 999.99 237.58 43.68 32.98 19.61 7.45 2.53 1.39 0.88 0.65 0.23 55.26 638.65 727.28 832.58 995.85 999.88 999.95 999.95 999.99 999.99 447.03 329.97 247.45 31.78 1.85 1.56 1.38 1.29 1.21 1.14 863.62 954.56 981.69 982.01 986.16 991.74 998.82 999.49 999.52 999.54 586.70 151.55 104.38 71.89 5.38 2.25 0.78 0.48 0.19 0.06 11.43
LSEDH 5 1
678.83 957.20 975.00 999.45 999.97 999.98 999.98 999.98 999.98 785.99 712.30 476.84 87.14 36.88 25.14 10.90 1.70 1.04 0.04 799.70 983.34 992.55 993.58 994.11 994.86 996.95 998.88 999.82 999.85 759.48 560.12 180.82 61.18 40.45 10.25 6.36 5.09 3.91 1.43 955.45 993.56 993.96 999.00 999.69 999.88 999.90 999.96 999.98 999.99 165.77 144.71 54.31 40.19 27.33 26.45 3.48 0.85 0.29 0.16 119.74 760.63 976.18 987.90 996.92 999.90 999.95 999.96 999.96 999.98 357.32 175.40 7.05 2.21 1.42 0.82 0.57 0.07 0.07 0.01 648.07 833.15 972.96 993.92 996.42 999.70 999.75 999.75 999.79 999.92 917.38 168.10 152.48 61.59 33.33 19.03 10.88 2.79 2.65 2.23 509.18
